# The following table is formatted as tab separated values. 
#GeneId	GeneName	BioType	Bases affected (DOWNSTREAM)	Total score (DOWNSTREAM)	Length (DOWNSTREAM)	Bases affected (GENE)	Total score (GENE)	Length (GENE)	Bases affected (UPSTREAM)	Total score (UPSTREAM)	Length (UPSTREAM)	Count (DOWNSTREAM)	Count (UPSTREAM)
ENSG00000008735	MAPK8IP2	protein_coding	0	0	7433	0	0	13296	0	0	7448	0	0
ENSG00000015475	BID	protein_coding	0	0	10308	0	0	40631	0	0	10754	0	0
ENSG00000025708	TYMP	protein_coding	0	0	7040	0	0	4305	0	0	5066	0	0
ENSG00000025770	NCAPH2	protein_coding	0	0	11576	0	0	16419	0	0	16068	0	0
ENSG00000040608	RTN4R	protein_coding	0	0	6605	0	0	41832	0	0	19058	0	0
ENSG00000054611	TBC1D22A	protein_coding	0	0	16769	0	0	412819	0	0	11121	0	0
ENSG00000056487	PHF21B	protein_coding	0	0	36127	0	0	128839	0	0	13437	0	0
ENSG00000063515	GSC2	protein_coding	0	0	5000	0	0	1708	0	0	5000	0	0
ENSG00000069998	CECR5	protein_coding	0	0	10072	0	0	27777	0	0	17095	0	0
ENSG00000070010	UFD1L	protein_coding	0	0	19577	0	0	29275	0	0	10284	0	0
ENSG00000070371	CLTCL1	protein_coding	0	0	24003	0	0	112254	0	0	27953	0	0
ENSG00000070413	DGCR2	protein_coding	0	0	11555	0	0	86173	0	0	15047	0	0
ENSG00000073146	MOV10L1	protein_coding	0	0	18642	0	0	71812	0	0	17801	0	0
ENSG00000073150	PANX2	protein_coding	0	0	5696	0	0	9564	0	0	5030	0	0
ENSG00000073169	RP3-402G11.5	protein_coding	0	0	5000	0	0	16638	0	0	10000	0	0
ENSG00000075218	GTSE1	protein_coding	0	0	8494	0	0	34070	0	0	15000	0	0
ENSG00000075234	TTC38	protein_coding	0	0	24822	0	0	26048	0	0	14411	0	0
ENSG00000075240	GRAMD4	protein_coding	0	0	20130	0	0	103780	0	0	26199	0	0
ENSG00000075275	CELSR1	protein_coding	0	0	25340	0	0	176337	0	0	17970	0	0
ENSG00000077935	SMC1B	protein_coding	0	0	5395	0	0	69557	0	0	5052	0	0
ENSG00000077942	FBLN1	protein_coding	0	0	52301	0	0	98898	0	0	33134	0	0
ENSG00000079974	RABL2B	protein_coding	0	0	19733	0	0	16163	0	0	16349	0	0
ENSG00000093000	NUP50	protein_coding	0	0	24821	0	0	24171	0	0	18858	0	0
ENSG00000093009	CDC45	protein_coding	0	0	29176	0	0	41154	0	0	18292	0	0
ENSG00000093010	COMT	protein_coding	0	0	12099	0	0	28369	0	0	16899	0	0
ENSG00000093072	CECR1	protein_coding	0	0	18386	0	0	42686	0	0	23605	0	0
ENSG00000093100	XXbac-B461K10.4	processed_transcript	0	0	5000	0	0	23846	0	0	5000	0	0
ENSG00000099889	ARVCF	protein_coding	0	0	15260	0	0	46913	0	0	25095	0	0
ENSG00000099899	TRMT2A	protein_coding	0	0	9376	0	0	5527	0	0	9214	0	0
ENSG00000099901	RANBP1	protein_coding	0	0	12826	0	0	11418	0	0	13201	0	0
ENSG00000099904	ZDHHC8	protein_coding	0	0	13098	0	0	18552	0	0	13007	0	0
ENSG00000099910	KLHL22	protein_coding	0	0	32551	0	0	66643	0	0	19326	0	0
ENSG00000099917	MED15	protein_coding	0	0	29875	0	0	91720	0	0	42457	0	0
ENSG00000099937	SERPIND1	protein_coding	0	0	5488	0	0	13842	0	0	10000	0	0
ENSG00000099940	SNAP29	protein_coding	0	0	13395	0	0	32232	0	0	5500	0	0
ENSG00000099942	CRKL	protein_coding	0	0	5002	0	0	36324	0	0	5008	0	0
ENSG00000099949	LZTR1	protein_coding	0	0	18124	0	0	19577	0	0	21534	0	0
ENSG00000099953	MMP11	protein_coding	0	0	9619	0	0	16091	0	0	18588	0	0
ENSG00000099954	CECR2	protein_coding	0	0	15813	0	0	193009	0	0	20494	0	0
ENSG00000099956	SMARCB1	protein_coding	0	0	17295	0	0	47554	0	0	15048	0	0
ENSG00000099957	P2RX6	protein_coding	0	0	15888	0	0	19023	0	0	15163	0	0
ENSG00000099958	DERL3	protein_coding	0	0	7264	0	0	4626	0	0	7614	0	0
ENSG00000099960	SLC7A4	protein_coding	0	0	7850	0	0	4123	0	0	5291	0	0
ENSG00000099968	BCL2L13	protein_coding	0	0	23272	0	0	101768	0	0	30282	0	0
ENSG00000099974	DDTL	protein_coding	0	0	5000	0	0	5633	0	0	5000	0	0
ENSG00000099977	DDT	protein_coding	0	0	6739	0	0	9107	0	0	12042	0	0
ENSG00000099984	GSTT2	protein_coding	0	0	5309	0	0	3768	0	0	5048	0	0
ENSG00000099985	OSM	protein_coding	0	0	6246	0	0	4012	0	0	6022	0	0
ENSG00000099991	CABIN1	protein_coding	0	0	35451	0	0	166955	0	0	40921	0	0
ENSG00000099992	TBC1D10A	protein_coding	0	0	12099	0	0	35057	0	0	27351	0	0
ENSG00000099994	SUSD2	protein_coding	0	0	5004	0	0	7852	0	0	6318	0	0
ENSG00000099995	SF3A1	protein_coding	0	0	24231	0	0	24958	0	0	16081	0	0
ENSG00000099998	GGT5	protein_coding	0	0	10086	0	0	25489	0	0	10083	0	0
ENSG00000099999	RNF215	protein_coding	0	0	13061	0	0	43926	0	0	17554	0	0
ENSG00000100003	SEC14L2	protein_coding	0	0	25123	0	0	27758	0	0	12920	0	0
ENSG00000100012	SEC14L3	protein_coding	0	0	12441	0	0	24091	0	0	6472	0	0
ENSG00000100014	SPECC1L	protein_coding	0	0	20603	0	0	146922	0	0	15065	0	0
ENSG00000100023	PPIL2	protein_coding	0	0	24076	0	0	46007	0	0	25095	0	0
ENSG00000100024	UPB1	protein_coding	0	0	14690	0	0	61153	0	0	16508	0	0
ENSG00000100027	YPEL1	protein_coding	0	0	11538	0	0	38291	0	0	5079	0	0
ENSG00000100028	SNRPD3	protein_coding	0	0	20830	0	0	54477	0	0	5529	0	0
ENSG00000100029	PES1	protein_coding	0	0	20372	0	0	30456	0	0	19282	0	0
ENSG00000100030	MAPK1	protein_coding	0	0	15164	0	0	113182	0	0	10240	0	0
ENSG00000100031	GGT1	protein_coding	0	0	20533	0	0	45255	0	0	37414	0	0
ENSG00000100033	PRODH	protein_coding	0	0	15170	0	0	23773	0	0	17906	0	0
ENSG00000100034	PPM1F	protein_coding	0	0	26152	0	0	33417	0	0	22142	0	0
ENSG00000100036	SLC35E4	protein_coding	0	0	16352	0	0	33365	0	0	5871	0	0
ENSG00000100038	TOP3B	protein_coding	0	0	22130	0	0	25817	0	0	23140	0	0
ENSG00000100053	CRYBB3	protein_coding	0	0	5096	0	0	7514	0	0	5023	0	0
ENSG00000100055	CYTH4	protein_coding	0	0	20306	0	0	33315	0	0	20504	0	0
ENSG00000100056	DGCR14	protein_coding	0	0	13689	0	0	14406	0	0	5051	0	0
ENSG00000100058	CRYBB2P1	pseudogene	0	0	16988	0	0	72750	0	0	10084	0	0
ENSG00000100060	MFNG	protein_coding	0	0	16216	0	0	17339	0	0	17174	0	0
ENSG00000100065	CARD10	protein_coding	0	0	16153	0	0	29150	0	0	28052	0	0
ENSG00000100068	LRP5L	protein_coding	0	0	13339	0	0	53960	0	0	19797	0	0
ENSG00000100075	SLC25A1	protein_coding	0	0	7408	0	0	3249	0	0	5350	0	0
ENSG00000100077	ADRBK2	protein_coding	0	0	10000	0	0	157786	0	0	5258	0	0
ENSG00000100078	PLA2G3	protein_coding	0	0	5000	0	0	5799	0	0	5000	0	0
ENSG00000100079	LGALS2	protein_coding	0	0	6601	0	0	12369	0	0	7536	0	0
ENSG00000100083	GGA1	protein_coding	0	0	24369	0	0	25091	0	0	26561	0	0
ENSG00000100084	HIRA	protein_coding	0	0	15367	0	0	117004	0	0	11721	0	0
ENSG00000100092	SH3BP1	protein_coding	0	0	20799	0	0	32279	0	0	17114	0	0
ENSG00000100095	SEZ6L	protein_coding	0	0	15876	0	0	214123	0	0	20258	0	0
ENSG00000100097	LGALS1	protein_coding	0	0	7578	0	0	4199	0	0	6391	0	0
ENSG00000100099	HPS4	protein_coding	0	0	30740	0	0	40415	0	0	26064	0	0
ENSG00000100100	PIK3IP1	protein_coding	0	0	11950	0	0	10942	0	0	6808	0	0
ENSG00000100101	RP1-37E16.12	processed_transcript	0	0	5000	0	0	87717	0	0	5000	0	0
ENSG00000100104	SRRD	protein_coding	0	0	5863	0	0	8057	0	0	11896	0	0
ENSG00000100105	PATZ1	protein_coding	0	0	15005	0	0	20429	0	0	7947	0	0
ENSG00000100106	TRIOBP	protein_coding	0	0	22344	0	0	79553	0	0	19271	0	0
ENSG00000100109	TFIP11	protein_coding	0	0	23747	0	0	21281	0	0	20507	0	0
ENSG00000100116	GCAT	protein_coding	0	0	9100	0	0	9272	0	0	5109	0	0
ENSG00000100121	GGTLC2	protein_coding	0	0	5157	0	0	1589	0	0	5036	0	0
ENSG00000100122	CRYBB1	protein_coding	0	0	5000	0	0	18811	0	0	5000	0	0
ENSG00000100124	ANKRD54	protein_coding	0	0	7186	0	0	13577	0	0	14197	0	0
ENSG00000100129	EIF3L	protein_coding	0	0	18895	0	0	40540	0	0	25752	0	0
ENSG00000100138	NHP2L1	protein_coding	0	0	15997	0	0	16575	0	0	11866	0	0
ENSG00000100139	MICALL1	protein_coding	0	0	15919	0	0	37166	0	0	16941	0	0
ENSG00000100142	POLR2F	protein_coding	0	0	25922	0	0	88500	0	0	11126	0	0
ENSG00000100146	SOX10	protein_coding	0	0	11773	0	0	16737	0	0	9008	0	0
ENSG00000100147	CCDC134	protein_coding	0	0	5406	0	0	25621	0	0	5000	0	0
ENSG00000100150	DEPDC5	protein_coding	0	0	58517	0	0	153058	0	0	54002	0	0
ENSG00000100151	PICK1	protein_coding	0	0	21623	0	0	19391	0	0	13709	0	0
ENSG00000100154	TTC28	protein_coding	0	0	30153	0	0	701850	0	0	25238	0	0
ENSG00000100156	SLC16A8	protein_coding	0	0	8821	0	0	5960	0	0	5951	0	0
ENSG00000100162	CENPM	protein_coding	0	0	11838	0	0	8444	0	0	10476	0	0
ENSG00000100167	SEPT3	protein_coding	0	0	15310	0	0	21950	0	0	10778	0	0
ENSG00000100170	SLC5A1	protein_coding	0	0	17670	0	0	69998	0	0	16798	0	0
ENSG00000100181	TPTEP1	lincRNA	0	0	27514	0	0	96745	0	0	27844	0	0
ENSG00000100191	SLC5A4	protein_coding	0	0	5000	0	0	36864	0	0	5000	0	0
ENSG00000100196	KDELR3	protein_coding	0	0	6812	0	0	15386	0	0	10016	0	0
ENSG00000100197	CYP2D6	protein_coding	0	0	5057	0	0	4408	0	0	5997	0	0
ENSG00000100201	DDX17	protein_coding	0	0	25113	0	0	24221	0	0	18275	0	0
ENSG00000100206	DMC1	protein_coding	0	0	24199	0	0	51338	0	0	6877	0	0
ENSG00000100207	TCF20	protein_coding	0	0	11085	0	0	183604	0	0	15002	0	0
ENSG00000100209	HSCB	protein_coding	0	0	10305	0	0	15485	0	0	5670	0	0
ENSG00000100211	CBY1	protein_coding	0	0	10387	0	0	17219	0	0	10052	0	0
ENSG00000100216	TOMM22	protein_coding	0	0	5653	0	0	2866	0	0	5224	0	0
ENSG00000100218	RTDR1	protein_coding	0	0	20021	0	0	85616	0	0	15947	0	0
ENSG00000100219	XBP1	protein_coding	0	0	9351	0	0	6043	0	0	8552	0	0
ENSG00000100220	C22orf28	protein_coding	0	0	18633	0	0	24674	0	0	14846	0	0
ENSG00000100221	JOSD1	protein_coding	0	0	14234	0	0	16014	0	0	11586	0	0
ENSG00000100225	FBXO7	protein_coding	0	0	19876	0	0	24156	0	0	13359	0	0
ENSG00000100226	GTPBP1	protein_coding	0	0	26526	0	0	32577	0	0	19946	0	0
ENSG00000100227	POLDIP3	protein_coding	0	0	17166	0	0	31242	0	0	10151	0	0
ENSG00000100228	RAB36	protein_coding	0	0	12786	0	0	19025	0	0	9787	0	0
ENSG00000100234	TIMP3	protein_coding	0	0	5000	0	0	61344	0	0	5000	0	0
ENSG00000100239	PPP6R2	protein_coding	0	0	9011	0	0	101782	0	0	28361	0	0
ENSG00000100241	SBF1	protein_coding	0	0	15622	0	0	28271	0	0	22146	0	0
ENSG00000100242	SUN2	protein_coding	0	0	21295	0	0	59419	0	0	24017	0	0
ENSG00000100243	CYB5R3	protein_coding	0	0	15304	0	0	31729	0	0	18601	0	0
ENSG00000100246	DNAL4	protein_coding	0	0	11802	0	0	15691	0	0	5066	0	0
ENSG00000100249	C22orf31	protein_coding	0	0	5000	0	0	3173	0	0	5000	0	0
ENSG00000100253	MIOX	protein_coding	0	0	5672	0	0	3865	0	0	5601	0	0
ENSG00000100258	LMF2	protein_coding	0	0	8449	0	0	4760	0	0	7449	0	0
ENSG00000100263	RHBDD3	protein_coding	0	0	10594	0	0	8358	0	0	8808	0	0
ENSG00000100266	PACSIN2	protein_coding	0	0	23996	0	0	179734	0	0	34181	0	0
ENSG00000100271	TTLL1	protein_coding	0	0	10153	0	0	49913	0	0	5090	0	0
ENSG00000100276	RASL10A	protein_coding	0	0	5602	0	0	2824	0	0	6450	0	0
ENSG00000100280	AP1B1	protein_coding	0	0	23777	0	0	95500	0	0	33438	0	0
ENSG00000100281	HMGXB4	protein_coding	0	0	19297	0	0	38356	0	0	15311	0	0
ENSG00000100284	TOM1	protein_coding	0	0	29316	0	0	48718	0	0	21147	0	0
ENSG00000100285	NEFH	protein_coding	0	0	5000	0	0	11161	0	0	5000	0	0
ENSG00000100288	CHKB	protein_coding	0	0	7658	0	0	22507	0	0	12746	0	0
ENSG00000100290	BIK	protein_coding	0	0	5000	0	0	18965	0	0	5000	0	0
ENSG00000100292	HMOX1	protein_coding	0	0	12306	0	0	13854	0	0	10732	0	0
ENSG00000100294	MCAT	protein_coding	0	0	10003	0	0	10515	0	0	5114	0	0
ENSG00000100296	THOC5	protein_coding	0	0	35144	0	0	49338	0	0	28478	0	0
ENSG00000100297	MCM5	protein_coding	0	0	23380	0	0	24440	0	0	11448	0	0
ENSG00000100298	APOBEC3H	protein_coding	0	0	8531	0	0	6844	0	0	5051	0	0
ENSG00000100299	ARSA	protein_coding	0	0	6573	0	0	3162	0	0	5024	0	0
ENSG00000100300	TSPO	protein_coding	0	0	8570	0	0	11729	0	0	5417	0	0
ENSG00000100302	RASD2	protein_coding	0	0	5000	0	0	13134	0	0	5000	0	0
ENSG00000100304	TTLL12	protein_coding	0	0	10981	0	0	20512	0	0	15404	0	0
ENSG00000100307	CBX7	protein_coding	0	0	23797	0	0	32508	0	0	12842	0	0
ENSG00000100311	PDGFB	protein_coding	0	0	11601	0	0	21393	0	0	8842	0	0
ENSG00000100312	ACR	protein_coding	0	0	9975	0	0	7139	0	0	10034	0	0
ENSG00000100314	CABP7	protein_coding	0	0	5000	0	0	11756	0	0	5000	0	0
ENSG00000100316	RPL3	protein_coding	0	0	10518	0	0	7508	0	0	11684	0	0
ENSG00000100319	ZMAT5	protein_coding	0	0	10003	0	0	36056	0	0	5050	0	0
ENSG00000100320	RBFOX2	protein_coding	0	0	25841	0	0	289691	0	0	39392	0	0
ENSG00000100321	SYNGR1	protein_coding	0	0	12348	0	0	35664	0	0	10081	0	0
ENSG00000100324	TAB1	protein_coding	0	0	19946	0	0	37320	0	0	22048	0	0
ENSG00000100325	ASCC2	protein_coding	0	0	36138	0	0	49675	0	0	38687	0	0
ENSG00000100330	MTMR3	protein_coding	0	0	30013	0	0	147712	0	0	29894	0	0
ENSG00000100335	SMCR7L	protein_coding	0	0	19036	0	0	18701	0	0	9025	0	0
ENSG00000100336	APOL4	protein_coding	0	0	17458	0	0	15715	0	0	7963	0	0
ENSG00000100341	PNPLA5	protein_coding	0	0	9535	0	0	12336	0	0	5018	0	0
ENSG00000100342	APOL1	protein_coding	0	0	14970	0	0	14521	0	0	5154	0	0
ENSG00000100344	PNPLA3	protein_coding	0	0	20507	0	0	40750	0	0	10375	0	0
ENSG00000100345	MYH9	protein_coding	0	0	37851	0	0	106737	0	0	38813	0	0
ENSG00000100346	CACNA1I	protein_coding	0	0	15209	0	0	118985	0	0	10000	0	0
ENSG00000100347	SAMM50	protein_coding	0	0	15157	0	0	55111	0	0	24109	0	0
ENSG00000100348	TXN2	protein_coding	0	0	5848	0	0	14995	0	0	5690	0	0
ENSG00000100350	FOXRED2	protein_coding	0	0	12797	0	0	19912	0	0	10571	0	0
ENSG00000100351	GRAP2	protein_coding	0	0	22612	0	0	72640	0	0	23410	0	0
ENSG00000100353	EIF3D	protein_coding	0	0	18845	0	0	18587	0	0	18399	0	0
ENSG00000100354	TNRC6B	protein_coding	0	0	27560	0	0	290991	0	0	25674	0	0
ENSG00000100359	SGSM3	protein_coding	0	0	8895	0	0	39528	0	0	14729	0	0
ENSG00000100360	IFT27	protein_coding	0	0	18861	0	0	18055	0	0	17852	0	0
ENSG00000100362	PVALB	protein_coding	0	0	10279	0	0	18796	0	0	9088	0	0
ENSG00000100364	KIAA0930	protein_coding	0	0	22627	0	0	48537	0	0	34590	0	0
ENSG00000100365	NCF4	protein_coding	0	0	7183	0	0	17028	0	0	10000	0	0
ENSG00000100368	CSF2RB	protein_coding	0	0	11838	0	0	26822	0	0	11628	0	0
ENSG00000100372	SLC25A17	protein_coding	0	0	19448	0	0	49770	0	0	10173	0	0
ENSG00000100373	UPK3A	protein_coding	0	0	5052	0	0	10893	0	0	5009	0	0
ENSG00000100376	FAM118A	protein_coding	0	0	29111	0	0	32988	0	0	23787	0	0
ENSG00000100379	KCTD17	protein_coding	0	0	14052	0	0	11652	0	0	10659	0	0
ENSG00000100380	ST13	protein_coding	0	0	15858	0	0	32488	0	0	17468	0	0
ENSG00000100385	IL2RB	protein_coding	0	0	18769	0	0	49217	0	0	20000	0	0
ENSG00000100387	RBX1	protein_coding	0	0	10647	0	0	21963	0	0	10012	0	0
ENSG00000100393	EP300	protein_coding	0	0	5000	0	0	88292	0	0	5000	0	0
ENSG00000100395	L3MBTL2	protein_coding	0	0	24098	0	0	26067	0	0	9491	0	0
ENSG00000100399	CHADL	protein_coding	0	0	10000	0	0	11422	0	0	6313	0	0
ENSG00000100401	RANGAP1	protein_coding	0	0	24185	0	0	40641	0	0	15482	0	0
ENSG00000100403	ZC3H7B	protein_coding	0	0	10044	0	0	58626	0	0	10193	0	0
ENSG00000100410	PHF5A	protein_coding	0	0	5715	0	0	9009	0	0	5226	0	0
ENSG00000100412	ACO2	protein_coding	0	0	19624	0	0	59865	0	0	15465	0	0
ENSG00000100413	POLR3H	protein_coding	0	0	16821	0	0	18803	0	0	5220	0	0
ENSG00000100416	TRMU	protein_coding	0	0	25030	0	0	26466	0	0	19880	0	0
ENSG00000100417	PMM1	protein_coding	0	0	12166	0	0	12997	0	0	14201	0	0
ENSG00000100418	DESI1	protein_coding	0	0	9947	0	0	23069	0	0	11702	0	0
ENSG00000100422	CERK	protein_coding	0	0	15644	0	0	53851	0	0	10171	0	0
ENSG00000100425	BRD1	protein_coding	0	0	14599	0	0	54230	0	0	14307	0	0
ENSG00000100426	ZBED4	protein_coding	0	0	5000	0	0	34601	0	0	5000	0	0
ENSG00000100427	MLC1	protein_coding	0	0	12073	0	0	26512	0	0	12512	0	0
ENSG00000100429	HDAC10	protein_coding	0	0	10074	0	0	6223	0	0	8457	0	0
ENSG00000128159	TUBGCP6	protein_coding	0	0	14046	0	0	27304	0	0	20407	0	0
ENSG00000128165	ADM2	protein_coding	0	0	8500	0	0	4885	0	0	5168	0	0
ENSG00000128185	DGCR6L	protein_coding	0	0	5118	0	0	5805	0	0	5071	0	0
ENSG00000128191	DGCR8	protein_coding	0	0	14841	0	0	31646	0	0	22943	0	0
ENSG00000128203	ASPHD2	protein_coding	0	0	5000	0	0	15743	0	0	5000	0	0
ENSG00000128218	VPREB3	protein_coding	0	0	5000	0	0	1726	0	0	5059	0	0
ENSG00000128228	SDF2L1	protein_coding	0	0	6006	0	0	2038	0	0	5093	0	0
ENSG00000128242	GAL3ST1	protein_coding	0	0	6375	0	0	19953	0	0	20188	0	0
ENSG00000128245	YWHAH	protein_coding	0	0	6121	0	0	13144	0	0	7962	0	0
ENSG00000128250	RFPL1	protein_coding	0	0	5000	0	0	3873	0	0	5000	0	0
ENSG00000128253	RFPL2	protein_coding	0	0	5269	0	0	14297	0	0	11332	0	0
ENSG00000128254	C22orf24	protein_coding	0	0	5827	0	0	11998	0	0	10205	0	0
ENSG00000128262	POM121L9P	pseudogene	0	0	13625	0	0	13698	0	0	9806	0	0
ENSG00000128266	GNAZ	protein_coding	0	0	11695	0	0	54685	0	0	10220	0	0
ENSG00000128268	MGAT3	protein_coding	0	0	9606	0	0	34851	0	0	14725	0	0
ENSG00000128271	ADORA2A	protein_coding	0	0	11724	0	0	24482	0	0	19961	0	0
ENSG00000128272	ATF4	protein_coding	0	0	5003	0	0	2992	0	0	5869	0	0
ENSG00000128274	A4GALT	protein_coding	0	0	8050	0	0	29178	0	0	10647	0	0
ENSG00000128276	RFPL3	protein_coding	0	0	5000	0	0	6277	0	0	8267	0	0
ENSG00000128283	CDC42EP1	protein_coding	0	0	7910	0	0	8959	0	0	8959	0	0
ENSG00000128284	APOL3	protein_coding	0	0	23532	0	0	25854	0	0	14044	0	0
ENSG00000128285	MCHR1	protein_coding	0	0	6402	0	0	4065	0	0	6357	0	0
ENSG00000128294	TPST2	protein_coding	0	0	15538	0	0	71224	0	0	25396	0	0
ENSG00000128298	BAIAP2L2	protein_coding	0	0	10276	0	0	25782	0	0	10001	0	0
ENSG00000128309	MPST	protein_coding	0	0	5028	0	0	10188	0	0	8402	0	0
ENSG00000128310	GALR3	protein_coding	0	0	5000	0	0	2114	0	0	5000	0	0
ENSG00000128311	TST	protein_coding	0	0	10000	0	0	8782	0	0	5173	0	0
ENSG00000128313	APOL5	protein_coding	0	0	5000	0	0	11612	0	0	5000	0	0
ENSG00000128322	IGLL1	protein_coding	0	0	5244	0	0	7184	0	0	5069	0	0
ENSG00000128335	APOL2	protein_coding	0	0	12064	0	0	13745	0	0	5727	0	0
ENSG00000128340	RAC2	protein_coding	0	0	16492	0	0	19188	0	0	10200	0	0
ENSG00000128342	LIF	protein_coding	0	0	8086	0	0	6405	0	0	5112	0	0
ENSG00000128346	C22orf23	protein_coding	0	0	6640	0	0	10149	0	0	5124	0	0
ENSG00000128383	APOBEC3A	protein_coding	0	0	13497	0	0	10443	0	0	9781	0	0
ENSG00000128394	APOBEC3F	protein_coding	0	0	12392	0	0	13307	0	0	9580	0	0
ENSG00000128408	RIBC2	protein_coding	0	0	11480	0	0	18805	0	0	9315	0	0
ENSG00000130487	KLHDC7B	protein_coding	0	0	5000	0	0	2990	0	0	5000	0	0
ENSG00000130489	SCO2	protein_coding	0	0	5434	0	0	2872	0	0	5835	0	0
ENSG00000130538	OR11H1	protein_coding	0	0	5000	0	0	982	0	0	5000	0	0
ENSG00000130540	SULT4A1	protein_coding	0	0	9297	0	0	38010	0	0	10112	0	0
ENSG00000130638	ATXN10	protein_coding	0	0	37614	0	0	173510	0	0	37426	0	0
ENSG00000130943	PKDREJ	protein_coding	0	0	5000	0	0	7660	0	0	5000	0	0
ENSG00000131100	ATP6V1E1	protein_coding	0	0	18906	0	0	36683	0	0	15085	0	0
ENSG00000133422	MORC2	protein_coding	0	0	15002	0	0	41689	0	0	24763	0	0
ENSG00000133424	LARGE	protein_coding	0	0	21624	0	0	649983	0	0	37521	0	0
ENSG00000133433	GSTT2B	protein_coding	0	0	5205	0	0	3773	0	0	5033	0	0
ENSG00000133454	MYO18B	protein_coding	0	0	18308	0	0	288897	0	0	31870	0	0
ENSG00000133460	SLC2A11	protein_coding	0	0	27598	0	0	28851	0	0	19060	0	0
ENSG00000133466	C1QTNF6	protein_coding	0	0	12007	0	0	19219	0	0	17121	0	0
ENSG00000133475	GGT2	protein_coding	0	0	5032	0	0	19665	0	0	7083	0	0
ENSG00000133477	FAM83F	protein_coding	0	0	10008	0	0	35091	0	0	10413	0	0
ENSG00000133488	SEC14L4	protein_coding	0	0	5483	0	0	16799	0	0	5061	0	0
ENSG00000133519	ZDHHC8P1	pseudogene	0	0	11979	0	0	12121	0	0	8118	0	0
ENSG00000138867	GUCD1	protein_coding	0	0	12335	0	0	15498	0	0	15724	0	0
ENSG00000138892	TTLL8	protein_coding	0	0	10004	0	0	41813	0	0	11717	0	0
ENSG00000138942	RNF185	protein_coding	0	0	12442	0	0	46832	0	0	5061	0	0
ENSG00000138944	KIAA1644	protein_coding	0	0	5000	0	0	69185	0	0	5000	0	0
ENSG00000138964	PARVG	protein_coding	0	0	19262	0	0	46578	0	0	19679	0	0
ENSG00000159307	SCUBE1	protein_coding	0	0	25126	0	0	140166	0	0	20090	0	0
ENSG00000159496	RGL4	protein_coding	0	0	5632	0	0	11041	0	0	14756	0	0
ENSG00000159873	CCDC117	protein_coding	0	0	13192	0	0	16622	0	0	5567	0	0
ENSG00000159958	TNFRSF13C	protein_coding	0	0	5000	0	0	1778	0	0	5000	0	0
ENSG00000161103	AC008103.5	processed_transcript	0	0	11116	0	0	10932	0	0	7758	0	0
ENSG00000161132	XXbac-B444P24.10	pseudogene	0	0	5000	0	0	13457	0	0	5000	0	0
ENSG00000161133	USP41	protein_coding	0	0	10004	0	0	40181	0	0	19555	0	0
ENSG00000161149	TUBA3FP	pseudogene	0	0	10444	0	0	11398	0	0	9839	0	0
ENSG00000161179	YDJC	protein_coding	0	0	5033	0	0	1976	0	0	5052	0	0
ENSG00000161180	CCDC116	protein_coding	0	0	8118	0	0	4610	0	0	5011	0	0
ENSG00000166862	CACNG2	protein_coding	0	0	10000	0	0	139636	0	0	10000	0	0
ENSG00000166897	ELFN2	protein_coding	0	0	5001	0	0	59506	0	0	10000	0	0
ENSG00000167037	SGSM1	protein_coding	0	0	12985	0	0	121310	0	0	11331	0	0
ENSG00000167065	DUSP18	protein_coding	0	0	14659	0	0	15840	0	0	9433	0	0
ENSG00000167074	TEF	protein_coding	0	0	10004	0	0	31994	0	0	11128	0	0
ENSG00000167077	MEI1	protein_coding	0	0	34011	0	0	99958	0	0	28453	0	0
ENSG00000168135	KCNJ4	protein_coding	0	0	5000	0	0	28874	0	0	5000	0	0
ENSG00000169184	MN1	protein_coding	0	0	7401	0	0	53222	0	0	14602	0	0
ENSG00000169314	C22orf15	protein_coding	0	0	6498	0	0	2841	0	0	5202	0	0
ENSG00000169548	ZNF280A	protein_coding	0	0	5000	0	0	6554	0	0	5000	0	0
ENSG00000169575	VPREB1	protein_coding	0	0	5010	0	0	841	0	0	5105	0	0
ENSG00000169635	HIC2	protein_coding	0	0	7029	0	0	34060	0	0	13232	0	0
ENSG00000169662	BCRP6	pseudogene	0	0	5000	0	0	3827	0	0	5000	0	0
ENSG00000169668	BCRP2	pseudogene	0	0	7527	0	0	19270	0	0	12661	0	0
ENSG00000170638	TRABD	protein_coding	0	0	5887	0	0	13684	0	0	15978	0	0
ENSG00000172250	SERHL	processed_transcript	0	0	11908	0	0	11982	0	0	6017	0	0
ENSG00000172346	CSDC2	protein_coding	0	0	6075	0	0	16979	0	0	10000	0	0
ENSG00000172404	DNAJB7	protein_coding	0	0	5000	0	0	2578	0	0	5000	0	0
ENSG00000172912	COX6B1P3	pseudogene	0	0	5000	0	0	610	0	0	5000	0	0
ENSG00000172967	XKR3	protein_coding	0	0	5000	0	0	38288	0	0	5000	0	0
ENSG00000175329	ISX	protein_coding	0	0	7650	0	0	23902	0	0	5000	0	0
ENSG00000176177	ENTHD1	protein_coding	0	0	10000	0	0	150820	0	0	5074	0	0
ENSG00000176635	HORMAD2	protein_coding	0	0	15002	0	0	96902	0	0	10837	0	0
ENSG00000177096	FAM109B	protein_coding	0	0	6823	0	0	5191	0	0	5106	0	0
ENSG00000177663	IL17RA	protein_coding	0	0	12960	0	0	30740	0	0	5103	0	0
ENSG00000177989	ODF3B	protein_coding	0	0	7035	0	0	2871	0	0	6157	0	0
ENSG00000177993	ZNRF3-AS1	lincRNA	0	0	5000	0	0	6478	0	0	5000	0	0
ENSG00000178026	FAM211B	protein_coding	0	0	8786	0	0	7588	0	0	5923	0	0
ENSG00000178248	AP000345.1	lincRNA	0	0	10000	0	0	24895	0	0	5074	0	0
ENSG00000178803	ADORA2A-AS1	protein_coding	0	0	15000	0	0	65865	0	0	5279	0	0
ENSG00000179750	APOBEC3B	protein_coding	0	0	5258	0	0	10458	0	0	5062	0	0
ENSG00000180150	HMGN2P9	pseudogene	0	0	5000	0	0	229	0	0	5000	0	0
ENSG00000180957	PITPNB	protein_coding	0	0	31266	0	0	68466	0	0	17378	0	0
ENSG00000181123	RP4-539M6.14	antisense	0	0	5000	0	0	1003	0	0	5000	0	0
ENSG00000182057	Z83851.3	lincRNA	0	0	5334	0	0	5444	0	0	5015	0	0
ENSG00000182257	C22orf26	protein_coding	0	0	5981	0	0	4667	0	0	5000	0	0
ENSG00000182351	AP000358.3	pseudogene	0	0	5002	0	0	231	0	0	5000	0	0
ENSG00000182356	AC008132.13	protein_coding	0	0	8380	0	0	5262	0	0	5263	0	0
ENSG00000182502	FAM108A6P	pseudogene	0	0	5000	0	0	3139	0	0	5000	0	0
ENSG00000182541	LIMK2	protein_coding	0	0	19977	0	0	67842	0	0	20388	0	0
ENSG00000182824	AC008132.1	protein_coding	0	0	5000	0	0	23981	0	0	5000	0	0
ENSG00000182841	RRP7B	pseudogene	0	0	17969	0	0	26816	0	0	5041	0	0
ENSG00000182858	ALG12	protein_coding	0	0	5742	0	0	15240	0	0	12170	0	0
ENSG00000182902	SLC25A18	protein_coding	0	0	16413	0	0	30509	0	0	10156	0	0
ENSG00000182944	EWSR1	protein_coding	0	0	27416	0	0	32518	0	0	20910	0	0
ENSG00000183038	GGTLC3	protein_coding	0	0	5005	0	0	1823	0	0	5231	0	0
ENSG00000183066	WBP2NL	protein_coding	0	0	21137	0	0	59732	0	0	18451	0	0
ENSG00000183169	POM121L1P	protein_coding	0	0	5000	0	0	5297	0	0	5000	0	0
ENSG00000183172	C22orf32	protein_coding	0	0	12059	0	0	44411	0	0	5209	0	0
ENSG00000183246	RIMBP3C	protein_coding	0	0	5321	0	0	6105	0	0	5630	0	0
ENSG00000183307	CECR6	protein_coding	0	0	5001	0	0	5069	0	0	5114	0	0
ENSG00000183473	SSTR3	protein_coding	0	0	7242	0	0	8085	0	0	6357	0	0
ENSG00000183506	PI4KAP2	pseudogene	0	0	14413	0	0	44534	0	0	26335	0	0
ENSG00000183530	PRR14L	protein_coding	0	0	28786	0	0	73885	0	0	16566	0	0
ENSG00000183531	Z98256.1	pseudogene	0	0	5000	0	0	415	0	0	5000	0	0
ENSG00000183569	SERHL2	protein_coding	0	0	15164	0	0	20766	0	0	6292	0	0
ENSG00000183579	ZNRF3	protein_coding	0	0	8802	0	0	173896	0	0	15310	0	0
ENSG00000183597	C22orf25	protein_coding	0	0	22746	0	0	48913	0	0	26914	0	0
ENSG00000183628	DGCR6	protein_coding	0	0	8849	0	0	8211	0	0	7635	0	0
ENSG00000183741	CBX6	protein_coding	0	0	12779	0	0	10865	0	0	5098	0	0
ENSG00000183762	KREMEN1	protein_coding	0	0	23178	0	0	95256	0	0	18809	0	0
ENSG00000183765	CHEK2	protein_coding	0	0	23138	0	0	54680	0	0	30191	0	0
ENSG00000183773	AIFM3	protein_coding	0	0	17875	0	0	16254	0	0	15054	0	0
ENSG00000183785	TUBA8	protein_coding	0	0	10614	0	0	21402	0	0	10462	0	0
ENSG00000183822	CTA-833B7.2	antisense	0	0	10000	0	0	23069	0	0	5061	0	0
ENSG00000183864	TOB2	protein_coding	0	0	8550	0	0	13532	0	0	5238	0	0
ENSG00000183963	SMTN	protein_coding	0	0	18454	0	0	40520	0	0	27063	0	0
ENSG00000184058	TBX1	protein_coding	0	0	17677	0	0	26891	0	0	13376	0	0
ENSG00000184068	RP5-821D11.7	lincRNA	0	0	5000	0	0	3451	0	0	5000	0	0
ENSG00000184076	UQCR10	protein_coding	0	0	5386	0	0	3045	0	0	5005	0	0
ENSG00000184113	CLDN5	protein_coding	0	0	5028	0	0	4522	0	0	7162	0	0
ENSG00000184117	NIPSNAP1	protein_coding	0	0	20460	0	0	26530	0	0	5311	0	0
ENSG00000184164	CRELD2	protein_coding	0	0	10507	0	0	9374	0	0	10043	0	0
ENSG00000184208	C22orf46	protein_coding	0	0	9285	0	0	9198	0	0	6604	0	0
ENSG00000184319	AC002055.4	pseudogene	0	0	12585	0	0	44362	0	0	15608	0	0
ENSG00000184381	PLA2G6	protein_coding	0	0	45360	0	0	94196	0	0	59866	0	0
ENSG00000184436	THAP7	protein_coding	0	0	7188	0	0	3093	0	0	5678	0	0
ENSG00000184459	BPIFC	protein_coding	0	0	10456	0	0	50638	0	0	10042	0	0
ENSG00000184470	TXNRD2	protein_coding	0	0	19898	0	0	66302	0	0	31847	0	0
ENSG00000184490	AP000351.9	pseudogene	0	0	5052	0	0	4133	0	0	5002	0	0
ENSG00000184571	PIWIL3	protein_coding	0	0	5438	0	0	55687	0	0	5243	0	0
ENSG00000184624	ZNF72P	pseudogene	0	0	5000	0	0	17029	0	0	5000	0	0
ENSG00000184674	GSTT1	protein_coding	0	0	11800	0	0	8548	0	0	10188	0	0
ENSG00000184702	SEPT5	protein_coding	0	0	10717	0	0	10309	0	0	11090	0	0
ENSG00000184708	EIF4ENIF1	protein_coding	0	0	19851	0	0	56746	0	0	27806	0	0
ENSG00000184792	OSBP2	protein_coding	0	0	35300	0	0	214043	0	0	42005	0	0
ENSG00000184949	FAM227A	protein_coding	0	0	40119	0	0	78510	0	0	17776	0	0
ENSG00000184979	USP18	protein_coding	0	0	5000	0	0	27499	0	0	5000	0	0
ENSG00000184983	NDUFA6	protein_coding	0	0	5591	0	0	5431	0	0	8620	0	0
ENSG00000185022	MAFF	protein_coding	0	0	6761	0	0	14630	0	0	11138	0	0
ENSG00000185065	AC000068.5	lincRNA	0	0	5000	0	0	2213	0	0	5000	0	0
ENSG00000185133	INPP5J	protein_coding	0	0	12413	0	0	11966	0	0	10071	0	0
ENSG00000185252	ZNF74	protein_coding	0	0	7962	0	0	14341	0	0	10396	0	0
ENSG00000185264	TEX33	protein_coding	0	0	5034	0	0	16720	0	0	10043	0	0
ENSG00000185339	TCN2	protein_coding	0	0	18982	0	0	20441	0	0	10390	0	0
ENSG00000185340	GAS2L1	protein_coding	0	0	9985	0	0	6203	0	0	8697	0	0
ENSG00000185386	MAPK11	protein_coding	0	0	8425	0	0	7055	0	0	5403	0	0
ENSG00000185608	MRPL40	protein_coding	0	0	5065	0	0	4174	0	0	6037	0	0
ENSG00000185651	UBE2L3	protein_coding	0	0	6782	0	0	74588	0	0	10190	0	0
ENSG00000185666	SYN3	protein_coding	0	0	30669	0	0	545820	0	0	36687	0	0
ENSG00000185686	PRAME	protein_coding	0	0	8151	0	0	11646	0	0	10168	0	0
ENSG00000185721	DRG1	protein_coding	0	0	20324	0	0	129218	0	0	10338	0	0
ENSG00000185837	CECR5-AS1	antisense	0	0	5006	0	0	6062	0	0	5015	0	0
ENSG00000185838	GNB1L	protein_coding	0	0	20049	0	0	71716	0	0	5133	0	0
ENSG00000186575	NF2	protein_coding	0	0	14039	0	0	95043	0	0	5443	0	0
ENSG00000186654	PRR5	protein_coding	0	0	13273	0	0	68969	0	0	23779	0	0
ENSG00000186716	BCR	protein_coding	0	0	43656	0	0	138334	1	0	45481	0	1
ENSG00000186732	MPPED1	protein_coding	0	0	21273	0	0	95599	0	0	11559	0	0
ENSG00000186951	PPARA	protein_coding	0	0	34820	0	0	93230	0	0	21431	0	0
ENSG00000186976	EFCAB6	protein_coding	0	0	35036	0	0	283594	0	0	21591	0	0
ENSG00000186998	EMID1	protein_coding	0	0	22039	0	0	53747	0	0	17436	0	0
ENSG00000187012	LINC00207	protein_coding	0	0	6182	0	0	2872	0	0	5712	0	0
ENSG00000187045	TMPRSS6	protein_coding	0	0	16093	0	0	44128	0	0	15292	0	0
ENSG00000187051	RPS19BP1	protein_coding	0	0	7636	0	0	3763	0	0	5762	0	0
ENSG00000187792	ZNF70	protein_coding	0	0	5000	0	0	9511	0	0	5000	0	0
ENSG00000187860	CCDC157	protein_coding	0	0	15243	0	0	22024	0	0	10479	0	0
ENSG00000187905	AC002472.13	protein_coding	0	0	8771	0	0	18209	0	0	10027	0	0
ENSG00000187979	AC008079.9	antisense	0	0	10000	0	0	27878	0	0	8553	0	0
ENSG00000188064	WNT7B	protein_coding	0	0	15563	0	0	56768	0	0	9414	0	0
ENSG00000188078	RP5-1119A7.11	pseudogene	0	0	5000	0	0	949	0	0	5000	0	0
ENSG00000188130	MAPK12	protein_coding	0	0	14786	0	0	16376	0	0	10672	0	0
ENSG00000188263	IL17REL	protein_coding	0	0	5000	0	0	18147	0	0	8967	0	0
ENSG00000188280	AC007731.1	protein_coding	0	0	10000	0	0	24501	0	0	10000	0	0
ENSG00000188424	XXbac-B33L19.3	antisense	0	0	10000	0	0	24792	0	0	5662	0	0
ENSG00000188511	C22orf34	protein_coding	0	0	19764	0	0	243015	0	0	15112	0	0
ENSG00000188636	LDOC1L	protein_coding	0	0	5000	0	0	5727	0	0	5000	0	0
ENSG00000188677	PARVB	protein_coding	0	0	25983	0	0	170016	0	0	40025	0	0
ENSG00000189060	H1F0	protein_coding	0	0	5000	0	0	2329	0	0	5000	0	0
ENSG00000189269	C22orf43	protein_coding	0	0	10000	0	0	23870	0	0	5410	0	0
ENSG00000189295	ANKRD62P1-PARP4P3	lincRNA	0	0	16552	0	0	40583	0	0	14032	0	0
ENSG00000189306	RRP7A	protein_coding	0	0	10233	0	0	9835	0	0	5008	0	0
ENSG00000196236	XPNPEP3	protein_coding	0	0	44747	0	0	115505	0	0	15055	0	0
ENSG00000196419	XRCC6	protein_coding	0	0	12341	0	0	42922	0	0	10864	0	0
ENSG00000196431	CRYBA4	protein_coding	0	0	5031	0	0	8709	0	0	5019	0	0
ENSG00000196576	PLXNB2	protein_coding	0	0	20121	0	0	32649	0	0	25760	0	0
ENSG00000196588	MKL1	protein_coding	0	0	19069	0	0	226422	0	0	20069	0	0
ENSG00000196622	RIMBP3	protein_coding	0	0	5321	0	0	6105	0	0	5377	0	0
ENSG00000196934	RIMBP3B	protein_coding	0	0	5321	0	0	6105	0	0	5630	0	0
ENSG00000197047	Z73979.1	pseudogene	0	0	5000	0	0	338	0	0	5000	0	0
ENSG00000197077	KIAA1671	protein_coding	0	0	17991	0	0	171816	0	0	18073	0	0
ENSG00000197182	FLJ27365	protein_coding	0	0	17453	0	0	60060	0	0	15006	0	0
ENSG00000197210	KB-1592A4.15	processed_transcript	0	0	6215	0	0	9845	0	0	9989	0	0
ENSG00000197421	GGT3P	pseudogene	0	0	10227	0	0	69735	0	0	20000	0	0
ENSG00000197549	PRAMEL	pseudogene	0	0	5137	0	0	52837	0	0	10076	0	0
ENSG00000198062	POTEH	protein_coding	0	0	5000	0	0	31497	0	0	5220	0	0
ENSG00000198089	SFI1	protein_coding	0	0	43122	0	0	129899	0	0	51598	0	0
ENSG00000198125	MB	protein_coding	0	0	14206	0	0	31188	0	0	20505	0	0
ENSG00000198355	PIM3	protein_coding	0	0	7434	0	0	3568	0	0	5255	0	0
ENSG00000198445	CCT8L2	protein_coding	0	0	5000	0	0	2034	0	0	5000	0	0
ENSG00000198477	ZNF280B	protein_coding	0	0	5007	0	0	24739	0	0	5033	0	0
ENSG00000198567	AP000552.1	protein_coding	0	0	5000	0	0	3641	0	0	5000	0	0
ENSG00000198792	TMEM184B	protein_coding	0	0	21011	0	0	53743	0	0	20508	0	0
ENSG00000198832	RP3-412A9.11	protein_coding	0	0	5667	0	0	15298	0	0	11804	0	0
ENSG00000198911	SREBF2	protein_coding	0	0	18150	0	0	74204	0	0	24816	0	0
ENSG00000198951	NAGA	protein_coding	0	0	6448	0	0	12489	0	0	5012	0	0
ENSG00000198986	MIRLET7A3	miRNA	0	0	5000	0	0	74	0	0	5000	0	0
ENSG00000199248	RNU6-28	snRNA	0	0	5000	0	0	107	0	0	5000	0	0
ENSG00000199382	RNU12	snRNA	0	0	5000	0	0	150	0	0	5000	0	0
ENSG00000199515	Y_RNA	misc_RNA	0	0	5000	0	0	93	0	0	5000	0	0
ENSG00000199695	U6	snRNA	0	0	5000	0	0	109	0	0	5000	0	0
ENSG00000199783	SNORD56	snoRNA	0	0	5000	0	0	68	0	0	5000	0	0
ENSG00000199797	Y_RNA	misc_RNA	0	0	5000	0	0	97	0	0	5000	0	0
ENSG00000199865	U6	snRNA	0	0	5000	0	0	107	0	0	5000	0	0
ENSG00000199876	7SK	misc_RNA	0	0	5000	0	0	301	0	0	5000	0	0
ENSG00000200057	7SK	misc_RNA	0	0	5000	0	0	301	0	0	5000	0	0
ENSG00000200332	Y_RNA	misc_RNA	0	0	5000	0	0	102	0	0	5000	0	0
ENSG00000200443	U6	snRNA	0	0	5000	0	0	105	0	0	5000	0	0
ENSG00000200448	Y_RNA	misc_RNA	0	0	5000	0	0	100	0	0	5000	0	0
ENSG00000200683	U6	snRNA	0	0	5000	0	0	104	0	0	5000	0	0
ENSG00000200871	U6	snRNA	0	0	5000	0	0	107	0	0	5000	0	0
ENSG00000200976	Y_RNA	misc_RNA	0	0	5000	0	0	102	0	0	5000	0	0
ENSG00000200985	RNA5SP493	rRNA	0	0	5000	0	0	91	0	0	5000	0	0
ENSG00000201078	7SK	misc_RNA	0	0	5000	0	0	315	0	0	5000	0	0
ENSG00000201209	SNORD42	snoRNA	0	0	5000	0	0	68	0	0	5000	0	0
ENSG00000201916	Y_RNA	misc_RNA	0	0	5000	0	0	111	0	0	5000	0	0
ENSG00000202019	Y_RNA	misc_RNA	0	0	5000	0	0	102	0	0	5000	0	0
ENSG00000202058	7SK	misc_RNA	0	0	5000	0	0	283	0	0	5000	0	0
ENSG00000203280	CTA-221G9.11	antisense	0	0	5000	0	0	10253	0	0	5000	0	0
ENSG00000203416	FAM32B	pseudogene	0	0	5000	0	0	428	0	0	5000	0	0
ENSG00000203527	Z99756.1	antisense	0	0	5000	0	0	7876	0	0	5000	0	0
ENSG00000203583	AL021707.1	pseudogene	0	0	5000	0	0	675	0	0	5000	0	0
ENSG00000203606	AC004832.1	pseudogene	0	0	5000	0	0	701	0	0	5000	0	0
ENSG00000203618	GP1BB	protein_coding	0	0	5000	0	0	1827	0	0	5000	0	0
ENSG00000205559	CTA-384D8.20	antisense	0	0	5000	0	0	852	0	0	5000	0	0
ENSG00000205560	CPT1B	protein_coding	0	0	13079	0	0	10610	0	0	12173	0	0
ENSG00000205593	DENND6B	protein_coding	0	0	9691	0	0	15098	0	0	10289	0	0
ENSG00000205632	WI2-81516E3.1	lincRNA	0	0	5000	0	0	5470	0	0	5000	0	0
ENSG00000205634	RP11-191L9.6	lincRNA	0	0	5000	0	0	10527	0	0	5000	0	0
ENSG00000205643	CDPF1	protein_coding	0	0	5898	0	0	6669	0	0	7394	0	0
ENSG00000205702	CYP2D7P1	polymorphic_pseudogene	0	0	8071	0	0	4363	0	0	7642	0	0
ENSG00000205704	LINC00634	pseudogene	0	0	6102	0	0	6769	0	0	10009	0	0
ENSG00000205853	RFPL3-AS1	protein_coding	0	0	8068	0	0	22147	0	0	15091	0	0
ENSG00000205856	C22orf42	protein_coding	0	0	5174	0	0	10317	0	0	10034	0	0
ENSG00000206028	CTA-373H7.7	lincRNA	0	0	5000	0	0	4962	0	0	5000	0	0
ENSG00000206066	IGLL3P	pseudogene	0	0	5000	0	0	1825	0	0	5000	0	0
ENSG00000206069	TMEM211	protein_coding	0	0	5131	0	0	11586	0	0	10188	0	0
ENSG00000206090	AP000350.7	pseudogene	0	0	5000	0	0	2801	0	0	5000	0	0
ENSG00000206140	TMEM191C	lincRNA	0	0	9293	0	0	4847	0	0	7725	0	0
ENSG00000206142	LINC00281	lincRNA	0	0	20852	0	0	24053	0	0	12626	0	0
ENSG00000206145	P2RX6P	pseudogene	0	0	10048	0	0	9775	0	0	5768	0	0
ENSG00000206176	AC023490.1	lincRNA	0	0	5395	0	0	1627	0	0	5863	0	0
ENSG00000206195	AP000525.8	pseudogene	0	0	17906	0	0	45026	0	0	15033	0	0
ENSG00000206203	TSSK2	protein_coding	0	0	5000	0	0	1814	0	0	5000	0	0
ENSG00000206252	AP000525.1	protein_coding	0	0	5000	0	0	633	0	0	5000	0	0
ENSG00000206615	U6	snRNA	0	0	5000	0	0	105	0	0	5000	0	0
ENSG00000206673	Y_RNA	misc_RNA	0	0	5000	0	0	109	0	0	5000	0	0
ENSG00000206739	Y_RNA	misc_RNA	0	0	5000	0	0	112	0	0	5000	0	0
ENSG00000206813	Y_RNA	misc_RNA	0	0	5000	0	0	102	0	0	5000	0	0
ENSG00000206841	U6	snRNA	0	0	5000	0	0	104	0	0	5000	0	0
ENSG00000207227	U6	snRNA	0	0	5000	0	0	102	0	0	5000	0	0
ENSG00000207343	U6	snRNA	0	0	5000	0	0	103	0	0	5000	0	0
ENSG00000207455	U6	snRNA	0	0	5000	0	0	107	0	0	5000	0	0
ENSG00000207457	U6	snRNA	0	0	5000	0	0	107	0	0	5000	0	0
ENSG00000207575	MIR649	miRNA	0	0	5000	0	0	97	0	0	5000	0	0
ENSG00000207696	MIR659	miRNA	0	0	5000	0	0	97	0	0	5000	0	0
ENSG00000207751	MIR130B	miRNA	0	0	5000	0	0	82	0	0	5000	0	0
ENSG00000207780	MIR648	miRNA	0	0	5000	0	0	94	0	0	5000	0	0
ENSG00000207830	D86994.1	miRNA	0	0	5000	0	0	95	0	0	5000	0	0
ENSG00000207832	D87024.1	miRNA	0	0	5000	0	0	94	0	0	5000	0	0
ENSG00000207833	D86998.1	miRNA	0	0	5000	0	0	95	0	0	5000	0	0
ENSG00000207834	D86994.2	miRNA	0	0	5000	0	0	96	0	0	5000	0	0
ENSG00000207835	D87015.1	miRNA	0	0	5000	0	0	95	0	0	5000	0	0
ENSG00000207836	MIR650	miRNA	0	0	5000	0	0	96	0	0	5000	0	0
ENSG00000207875	MIRLET7B	miRNA	0	0	5000	0	0	83	0	0	5000	0	0
ENSG00000207932	MIR33A	miRNA	0	0	5000	0	0	69	0	0	5000	0	0
ENSG00000207945	MIR658	miRNA	0	0	5000	0	0	100	0	0	5000	0	0
ENSG00000208023	MIR185	miRNA	0	0	5000	0	0	82	0	0	5000	0	0
ENSG00000209480	SNORD83B	snoRNA	0	0	5000	0	0	93	0	0	5000	0	0
ENSG00000209482	SNORD83A	snoRNA	0	0	5000	0	0	95	0	0	5000	0	0
ENSG00000211637	IGLV4-69	IG_V_gene	0	0	5000	0	0	539	0	0	5000	0	0
ENSG00000211638	IGLV8-61	IG_V_gene	0	0	5000	0	0	513	0	0	5000	0	0
ENSG00000211639	IGLV4-60	IG_V_gene	0	0	5000	0	0	483	0	0	5000	0	0
ENSG00000211640	IGLV6-57	IG_V_gene	0	0	5000	0	0	574	0	0	5000	0	0
ENSG00000211641	IGLV11-55	IG_V_gene	0	0	5000	0	0	544	0	0	5000	0	0
ENSG00000211642	IGLV10-54	IG_V_gene	0	0	5000	0	0	477	0	0	5000	0	0
ENSG00000211643	IGLV5-52	IG_V_gene	0	0	5000	0	0	500	0	0	5000	0	0
ENSG00000211644	IGLV1-51	IG_V_gene	0	0	5000	0	0	509	0	0	5000	0	0
ENSG00000211645	IGLV1-50	IG_V_gene	0	0	5000	0	0	515	0	0	5000	0	0
ENSG00000211647	IGLV5-48	IG_V_gene	0	0	5000	0	0	493	0	0	5000	0	0
ENSG00000211648	IGLV1-47	IG_V_gene	0	0	5000	0	0	522	0	0	5000	0	0
ENSG00000211649	IGLV7-46	IG_V_gene	0	0	5000	0	0	473	0	0	5000	0	0
ENSG00000211650	IGLV5-45	IG_V_gene	0	0	5000	0	0	520	0	0	5000	0	0
ENSG00000211651	IGLV1-44	IG_V_gene	0	0	5000	0	0	581	0	0	5000	0	0
ENSG00000211652	IGLV7-43	IG_V_gene	0	0	5000	0	0	472	0	0	5000	0	0
ENSG00000211653	IGLV1-40	IG_V_gene	0	0	5000	0	0	517	0	0	5000	0	0
ENSG00000211654	IGLV5-37	IG_V_gene	0	0	5000	0	0	496	0	0	5000	0	0
ENSG00000211655	IGLV1-36	IG_V_gene	0	0	5000	0	0	507	0	0	5000	0	0
ENSG00000211656	IGLV2-33	IG_V_gene	0	0	5000	0	0	520	0	0	5000	0	0
ENSG00000211657	IGLV3-32	IG_V_gene	0	0	5000	0	0	504	0	0	5000	0	0
ENSG00000211658	IGLV3-27	IG_V_gene	0	0	5000	0	0	519	0	0	5000	0	0
ENSG00000211659	IGLV3-25	IG_V_gene	0	0	5000	0	0	546	0	0	5000	0	0
ENSG00000211660	IGLV2-23	IG_V_gene	0	0	5000	0	0	619	0	0	5000	0	0
ENSG00000211661	IGLV3-22	IG_V_gene	0	0	5000	0	0	558	0	0	5000	0	0
ENSG00000211662	IGLV3-21	IG_V_gene	0	0	5000	0	0	1515	0	0	5000	0	0
ENSG00000211663	IGLV3-19	IG_V_gene	0	0	5000	0	0	523	0	0	5000	0	0
ENSG00000211664	IGLV2-18	IG_V_gene	0	0	5000	0	0	490	0	0	5000	0	0
ENSG00000211665	IGLV3-16	IG_V_gene	0	0	5000	0	0	529	0	0	5000	0	0
ENSG00000211666	IGLV2-14	IG_V_gene	0	0	5000	0	0	519	0	0	5000	0	0
ENSG00000211667	IGLV3-12	IG_V_gene	0	0	5000	0	0	763	0	0	5000	0	0
ENSG00000211668	IGLV2-11	IG_V_gene	0	0	5000	0	0	517	0	0	5000	0	0
ENSG00000211669	IGLV3-10	IG_V_gene	0	0	5000	0	0	539	0	0	5000	0	0
ENSG00000211670	IGLV3-9	IG_V_gene	0	0	5000	0	0	747	0	0	5000	0	0
ENSG00000211671	IGLV2-8	IG_V_gene	0	0	5000	0	0	635	0	0	5000	0	0
ENSG00000211672	IGLV4-3	IG_V_gene	0	0	5000	0	0	529	0	0	5000	0	0
ENSG00000211673	IGLV3-1	IG_V_gene	0	0	5000	0	0	691	0	0	5000	0	0
ENSG00000211674	IGLJ1	IG_J_gene	0	0	5000	0	0	127	0	0	5000	0	0
ENSG00000211675	IGLC1	IG_C_gene	0	0	5000	0	0	460	0	0	5000	0	0
ENSG00000211676	IGLJ2	IG_J_gene	0	0	5000	0	0	175	0	0	5000	0	0
ENSG00000211677	IGLC2	IG_C_gene	0	0	5000	0	0	462	0	0	5000	0	0
ENSG00000211678	IGLJ3	IG_J_gene	0	0	5000	0	0	176	0	0	5000	0	0
ENSG00000211679	IGLC3	IG_C_gene	0	0	5000	0	0	462	0	0	5000	0	0
ENSG00000211680	IGLJ4	IG_J_gene	0	0	5000	0	0	33	0	0	5000	0	0
ENSG00000211681	IGLJ5	IG_J_gene	0	0	5000	0	0	72	0	0	5000	0	0
ENSG00000211682	IGLJ6	IG_J_gene	0	0	5000	0	0	70	0	0	5000	0	0
ENSG00000211683	AP000346.2	processed_transcript	0	0	5000	0	0	7058	0	0	5000	0	0
ENSG00000211684	IGLJ7	IG_J_gene	0	0	5000	0	0	46	0	0	5000	0	0
ENSG00000211685	IGLC7	IG_C_gene	0	0	5000	0	0	320	0	0	5000	0	0
ENSG00000212102	MIR301B	miRNA	0	0	5000	0	0	78	0	0	5000	0	0
ENSG00000212216	U6	snRNA	0	0	5000	0	0	107	0	0	5000	0	0
ENSG00000212542	RNA5SP496	rRNA	0	0	5000	0	0	109	0	0	5000	0	0
ENSG00000212569	Y_RNA	misc_RNA	0	0	5000	0	0	98	0	0	5000	0	0
ENSG00000212939	RP1-29C18.10	antisense	0	0	5000	0	0	7793	0	0	5000	0	0
ENSG00000213279	RP1-29C18.9	sense_intronic	0	0	5000	0	0	3163	0	0	5000	0	0
ENSG00000213683	AC002056.3	pseudogene	0	0	5007	0	0	767	0	0	5001	0	0
ENSG00000213707	HMGB1P10	pseudogene	0	0	5000	0	0	563	0	0	5000	0	0
ENSG00000213727	LA16c-60G3.7	pseudogene	0	0	5000	0	0	1177	0	0	5000	0	0
ENSG00000213752	CTA-268H5.9	pseudogene	0	0	5000	0	0	487	0	0	5000	0	0
ENSG00000213790	RP1-257I20.13	pseudogene	0	0	5000	0	0	1189	0	0	5000	0	0
ENSG00000213857	RP11-12M9.4	pseudogene	0	0	5000	0	0	1060	0	0	5000	0	0
ENSG00000213888	AC005003.1	protein_coding	0	0	5000	0	0	1796	0	0	5000	0	0
ENSG00000213923	CSNK1E	protein_coding	0	0	14264	0	0	107831	0	0	24660	0	0
ENSG00000214076	CPSF1P1	pseudogene	0	0	5000	0	0	3730	0	0	5000	0	0
ENSG00000214093	RP11-247I13.3	pseudogene	0	0	5000	0	0	457	0	0	5000	0	0
ENSG00000214125	RP3-412A9.15	pseudogene	0	0	5000	0	0	682	0	0	5000	0	0
ENSG00000214161	SDC4P	pseudogene	0	0	5000	0	0	601	0	0	5000	0	0
ENSG00000214491	SEC14L6	protein_coding	0	0	5168	0	0	22205	0	0	10000	0	0
ENSG00000214526	AP000343.1	pseudogene	0	0	5000	0	0	385	0	0	5000	0	0
ENSG00000214727	RP5-983L19.1	pseudogene	0	0	5000	0	0	1354	0	0	5000	0	0
ENSG00000214854	AL031590.1	protein_coding	0	0	5000	0	0	199	0	0	5000	0	0
ENSG00000215012	C22orf29	protein_coding	0	0	10008	0	0	8759	0	0	5080	0	0
ENSG00000215193	PEX26	protein_coding	0	0	13351	0	0	53217	0	0	5454	0	0
ENSG00000215268	LA16c-60G3.8	pseudogene	0	0	5000	0	0	2260	0	0	5000	0	0
ENSG00000215270	LA16c-60H5.7	pseudogene	0	0	5000	0	0	1049	0	0	5000	0	0
ENSG00000215333	KRT18P23	pseudogene	0	0	5000	0	0	1283	0	0	5000	0	0
ENSG00000215347	SLC25A5P1	pseudogene	0	0	5000	0	0	898	0	0	5000	0	0
ENSG00000215403	LL22NC01-81G9.3	antisense	0	0	5000	0	0	2925	0	0	5000	0	0
ENSG00000215456	BCRP4	pseudogene	0	0	5000	0	0	6093	0	0	5000	0	0
ENSG00000215464	AP000354.2	pseudogene	0	0	5000	0	0	789	0	0	5000	0	0
ENSG00000215478	CES5AP1	pseudogene	0	0	17353	0	0	28129	0	0	15230	0	0
ENSG00000215481	BCRP3	pseudogene	0	0	8072	0	0	17918	0	0	10000	0	0
ENSG00000215493	XXbac-B562F10.11	pseudogene	0	0	5000	0	0	1703	0	0	5000	0	0
ENSG00000215498	KB-1183D5.11	processed_transcript	0	0	20148	0	0	24399	0	0	7188	0	0
ENSG00000215513	PI4KAP1	pseudogene	0	0	14399	0	0	44312	0	0	22548	0	0
ENSG00000215544	BCRP7	pseudogene	0	0	5000	0	0	3020	0	0	5000	0	0
ENSG00000215568	GAB4	protein_coding	0	0	10365	0	0	46287	0	0	10223	0	0
ENSG00000215771	LRRC37A14P	pseudogene	0	0	5000	0	0	462	0	0	5000	0	0
ENSG00000216522	AC011718.1	pseudogene	0	0	5000	0	0	5755	0	0	5000	0	0
ENSG00000217261	POM121L4P	protein_coding	0	0	5000	0	0	1374	0	0	5000	0	0
ENSG00000217442	SYCE3	protein_coding	0	0	5085	0	0	11794	0	0	10000	0	0
ENSG00000218357	LL22NC03-75H12.2	protein_coding	0	0	7168	0	0	25813	0	0	5023	0	0
ENSG00000218537	AP000350.4	protein_coding	0	0	5000	0	0	4505	0	0	5000	0	0
ENSG00000219016	CTA-299D3.8	protein_coding	0	0	9421	0	0	8488	0	0	5045	0	0
ENSG00000219438	FAM19A5	protein_coding	0	0	11524	0	0	361453	0	0	15279	0	0
ENSG00000220248	ZNF402P	pseudogene	0	0	5000	0	0	3100	0	0	5000	0	0
ENSG00000220702	RP1-32I10.10	protein_coding	0	0	5000	0	0	734	0	0	5000	0	0
ENSG00000220891	LL22NC03-63E9.3	protein_coding	0	0	5000	0	0	7258	0	0	5000	0	0
ENSG00000221039	MIR1286	miRNA	0	0	5000	0	0	78	0	0	5000	0	0
ENSG00000221069	AC000029.1	miRNA	0	0	5000	0	0	91	0	0	5000	0	0
ENSG00000221084	AP000547.1	miRNA	0	0	5000	0	0	88	0	0	5000	0	0
ENSG00000221160	MIR1281	miRNA	0	0	5000	0	0	54	0	0	5000	0	0
ENSG00000221366	MIR1306	miRNA	0	0	5000	0	0	85	0	0	5000	0	0
ENSG00000221598	MIR1249	miRNA	0	0	5000	0	0	66	0	0	5000	0	0
ENSG00000221672	Z97351.1	miRNA	0	0	5000	0	0	73	0	0	5000	0	0
ENSG00000221736	AC003681.1	miRNA	0	0	5000	0	0	88	0	0	5000	0	0
ENSG00000221760	MIR548J	miRNA	0	0	5000	0	0	112	0	0	5000	0	0
ENSG00000221890	NPTXR	protein_coding	0	0	5000	0	0	25531	0	0	5000	0	0
ENSG00000221963	APOL6	protein_coding	0	0	5000	0	0	12963	0	0	5000	0	0
ENSG00000222037	IGLC6	IG_C_pseudogene	0	0	5000	0	0	317	0	0	5000	0	0
ENSG00000222044	RP5-1039K5.16	antisense	0	0	5000	0	0	2064	0	0	5000	0	0
ENSG00000222352	7SK	misc_RNA	0	0	5000	0	0	301	0	0	5000	0	0
ENSG00000222585	RNA5SP494	rRNA	0	0	5000	0	0	129	0	0	5000	0	0
ENSG00000222698	Y_RNA	misc_RNA	0	0	5000	0	0	95	0	0	5000	0	0
ENSG00000222915	U6	snRNA	0	0	5000	0	0	104	0	0	5000	0	0
ENSG00000223056	7SK	misc_RNA	0	0	5000	0	0	291	0	0	5000	0	0
ENSG00000223142	7SK	misc_RNA	0	0	5000	0	0	327	0	0	5000	0	0
ENSG00000223350	IGLV9-49	IG_V_gene	0	0	5000	0	0	546	0	0	5000	0	0
ENSG00000223461	AC004471.9	antisense	0	0	5000	0	0	2975	0	0	5000	0	0
ENSG00000223553	SMPD4P1	pseudogene	0	0	15000	0	0	54320	0	0	15000	0	0
ENSG00000223579	AC011718.2	lincRNA	0	0	10188	0	0	29385	0	0	9625	0	0
ENSG00000223679	AP000362.1	pseudogene	0	0	5000	0	0	17659	0	0	5000	0	0
ENSG00000223695	RP4-633O19__A.1	lincRNA	0	0	5000	0	0	7892	0	0	5000	0	0
ENSG00000223704	RP1-90L6.2	lincRNA	0	0	5000	0	0	7153	0	0	5000	0	0
ENSG00000223726	CTA-929C8.7	lincRNA	0	0	5000	0	0	11056	0	0	5000	0	0
ENSG00000223730	RP1-127B20.4	pseudogene	0	0	5041	0	0	925	0	0	5045	0	0
ENSG00000223831	RP1-56J10.8	sense_intronic	0	0	5000	0	0	8379	0	0	5000	0	0
ENSG00000223843	EFCAB6-AS1	antisense	0	0	5000	0	0	20614	0	0	5000	0	0
ENSG00000223875	NBEAP3	pseudogene	0	0	5000	0	0	24457	0	0	5000	0	0
ENSG00000223999	LL22NC03-102D1.18	lincRNA	0	0	5000	0	0	535	0	0	5000	0	0
ENSG00000224003	CTA-407F11.6	pseudogene	0	0	5000	0	0	1972	0	0	5000	0	0
ENSG00000224027	RP1-231P7P.1	lincRNA	0	0	5000	0	0	9735	0	0	5000	0	0
ENSG00000224050	RP1-90G24.6	lincRNA	0	0	5000	0	0	3767	0	0	5000	0	0
ENSG00000224086	LL22NC03-86G7.1	antisense	0	0	8536	0	0	5191	0	0	5056	0	0
ENSG00000224124	POM121L10P	pseudogene	0	0	10000	0	0	13982	0	0	5382	0	0
ENSG00000224144	ASH2LP1	pseudogene	0	0	5000	0	0	985	0	0	5000	0	0
ENSG00000224192	RP11-259P1.1	antisense	0	0	5000	0	0	12762	0	0	5000	0	0
ENSG00000224205	AP000351.4	pseudogene	0	0	5000	0	0	4105	0	0	5000	0	0
ENSG00000224256	CTA-292E10.7	pseudogene	0	0	5000	0	0	245	0	0	5000	0	0
ENSG00000224271	RP11-191L9.4	lincRNA	0	0	15000	0	0	223927	0	0	10016	0	0
ENSG00000224277	AP000345.2	antisense	0	0	5385	0	0	6444	0	0	5000	0	0
ENSG00000224279	RP1-199H16.6	pseudogene	0	0	5000	0	0	501	0	0	5000	0	0
ENSG00000224334	AP000357.4	pseudogene	0	0	5000	0	0	1165	0	0	5000	0	0
ENSG00000224404	LL22NC03-13G6.2	lincRNA	0	0	5000	0	0	1122	0	0	5000	0	0
ENSG00000224435	NF1P6	pseudogene	0	0	5000	0	0	9451	0	0	5000	0	0
ENSG00000224465	SOCS2P2	pseudogene	0	0	5000	0	0	574	0	0	5000	0	0
ENSG00000224623	RP11-247I13.8	antisense	0	0	5000	0	0	2541	0	0	5000	0	0
ENSG00000224676	AP000351.8	pseudogene	0	0	5107	0	0	2014	0	0	5259	0	0
ENSG00000224688	KB-1592A4.13	pseudogene	0	0	5000	0	0	748	0	0	5000	0	0
ENSG00000224715	CITF22-49D8.1	lincRNA	0	0	5000	0	0	27973	0	0	5000	0	0
ENSG00000224794	RP3-333H23.8	antisense	0	0	5000	0	0	2576	0	0	5000	0	0
ENSG00000224806	ARL5AP4	pseudogene	0	0	5000	0	0	512	0	0	5000	0	0
ENSG00000224856	RP4-796I17.5	pseudogene	0	0	5000	0	0	322	0	0	5000	0	0
ENSG00000224883	CTA-250D10.19	antisense	0	0	5000	0	0	914	0	0	5000	0	0
ENSG00000224973	CTA-282F2.3	processed_transcript	0	0	20186	0	0	25831	0	0	10178	0	0
ENSG00000225007	AC000067.1	lincRNA	0	0	5000	0	0	533	0	0	5000	0	0
ENSG00000225070	LL22NC03-23C6.13	lincRNA	0	0	5000	0	0	3721	0	0	5000	0	0
ENSG00000225098	BCRP1	pseudogene	0	0	5000	0	0	3836	0	0	5000	0	0
ENSG00000225225	ARL2BPP10	pseudogene	0	0	5000	0	0	1193	0	0	5000	0	0
ENSG00000225255	LA16c-83F12.6	lincRNA	0	0	5000	0	0	31668	0	0	10000	0	0
ENSG00000225282	AP000350.6	pseudogene	0	0	5000	0	0	2675	0	0	5000	0	0
ENSG00000225293	ABCD1P4	pseudogene	0	0	5000	0	0	3194	0	0	5000	0	0
ENSG00000225335	XXbac-B476C20.9	antisense	0	0	5000	0	0	1271	0	0	5000	0	0
ENSG00000225413	AP000345.4	lincRNA	0	0	5000	0	0	1109	0	0	5000	0	0
ENSG00000225450	RP3-508I15.14	antisense	0	0	5000	0	0	10039	0	0	5000	0	0
ENSG00000225465	RFPL1-AS1	antisense	0	0	14426	0	0	41298	0	0	10056	0	0
ENSG00000225480	AC006548.19	pseudogene	0	0	5000	0	0	102	0	0	5000	0	0
ENSG00000225528	RP3-370M22.8	sense_intronic	0	0	5000	0	0	4287	0	0	5000	0	0
ENSG00000225544	KB-1027C11.4	pseudogene	0	0	5000	0	0	392	0	0	5000	0	0
ENSG00000225557	Z95114.6	pseudogene	0	0	5000	0	0	688	0	0	5000	0	0
ENSG00000225676	RP3-438O4.4	antisense	0	0	5000	0	0	22466	0	0	5000	0	0
ENSG00000225720	RP4-742C19.12	pseudogene	0	0	5745	0	0	1270	0	0	5048	0	0
ENSG00000225724	LL22NC03-80A10.11	pseudogene	0	0	5000	0	0	1642	0	0	5000	0	0
ENSG00000225741	LL22NC03-88E1.17	pseudogene	0	0	5000	0	0	1639	0	0	5000	0	0
ENSG00000225774	SIRPAP1	pseudogene	0	0	5222	0	0	1770	0	0	5339	0	0
ENSG00000225783	MIAT	lincRNA	0	0	10556	0	0	30047	0	0	11188	0	0
ENSG00000225867	RP5-1177I5.3	antisense	0	0	5000	0	0	1710	0	0	5000	0	0
ENSG00000225894	PPP1R26P2	pseudogene	0	0	5000	0	0	3595	0	0	5000	0	0
ENSG00000225929	AC000036.4	antisense	0	0	5000	0	0	2315	0	0	5000	0	0
ENSG00000225971	CTA-85E5.6	pseudogene	0	0	5000	0	0	1009	0	0	5000	0	0
ENSG00000226024	COX5BP7	pseudogene	0	0	5000	0	0	274	0	0	5000	0	0
ENSG00000226085	UQCRFS1P1	pseudogene	0	0	5007	0	0	827	0	0	5002	0	0
ENSG00000226142	RPL35P8	pseudogene	0	0	5000	0	0	337	0	0	5000	0	0
ENSG00000226160	LA16c-17H1.3	pseudogene	0	0	5000	0	0	88	0	0	5000	0	0
ENSG00000226169	RP11-375H17.1	antisense	0	0	5000	0	0	5198	0	0	5000	0	0
ENSG00000226233	RP1-151B14.9	pseudogene	0	0	5000	0	0	154	0	0	5000	0	0
ENSG00000226287	TMEM191A	lincRNA	0	0	7939	0	0	3675	0	0	7784	0	0
ENSG00000226328	CTA-217C2.1	lincRNA	0	0	5461	0	0	29953	0	0	5122	0	0
ENSG00000226336	MRPS16P3	pseudogene	0	0	5000	0	0	374	0	0	5000	0	0
ENSG00000226420	IGLV3-4	IG_V_pseudogene	0	0	5000	0	0	244	0	0	5000	0	0
ENSG00000226444	ACTR3BP6	pseudogene	0	0	5434	0	0	1803	0	0	5483	0	0
ENSG00000226450	CYP2D8P1	pseudogene	0	0	5000	0	0	5131	0	0	5000	0	0
ENSG00000226471	CTA-292E10.6	antisense	0	0	20000	0	0	47877	0	0	11209	0	0
ENSG00000226474	LA16c-2F2.5	pseudogene	0	0	5000	0	0	177	0	0	5000	0	0
ENSG00000226477	LL22NC03-84E4.11	pseudogene	0	0	5000	0	0	256	0	0	5000	0	0
ENSG00000226534	KB-1183D5.16	pseudogene	0	0	5000	0	0	1882	0	0	5000	0	0
ENSG00000226573	CTA-85E5.7	pseudogene	0	0	5000	0	0	315	0	0	5000	0	0
ENSG00000226595	KB-288A10.19	pseudogene	0	0	5000	0	0	328	0	0	5000	0	0
ENSG00000226738	CTA-384D8.31	antisense	0	0	5000	0	0	1238	0	0	5000	0	0
ENSG00000226741	CTA-929C8.6	lincRNA	0	0	5000	0	0	6806	0	0	5000	0	0
ENSG00000226772	CTA-747E2.10	antisense	0	0	5000	0	0	12643	0	0	5000	0	0
ENSG00000226872	AC002472.11	antisense	0	0	5000	0	0	12613	0	0	5000	0	0
ENSG00000226885	KB-1183D5.9	pseudogene	0	0	5000	0	0	743	0	0	5000	0	0
ENSG00000226912	ISCA2P1	pseudogene	0	0	5000	0	0	448	0	0	5000	0	0
ENSG00000226954	RP5-983L19.2	lincRNA	0	0	5000	0	0	6454	0	0	5000	0	0
ENSG00000226989	AL049758.2	pseudogene	0	0	5000	0	0	397	0	0	5000	0	0
ENSG00000227005	AC011718.3	lincRNA	0	0	5000	0	0	1584	0	0	5000	0	0
ENSG00000227009	FUNDC2P4	pseudogene	0	0	5000	0	0	421	0	0	5000	0	0
ENSG00000227117	CTA-85E5.10	processed_transcript	0	0	15000	0	0	71739	0	0	5250	0	0
ENSG00000227188	RP5-1104E15.6	antisense	0	0	5000	0	0	1016	0	0	5000	0	0
ENSG00000227201	CNN2P1	pseudogene	0	0	5000	0	0	918	0	0	5000	0	0
ENSG00000227367	SLC9B1P4	pseudogene	0	0	5000	0	0	47924	0	0	5000	0	0
ENSG00000227370	RP4-669P10.19	pseudogene	0	0	5000	0	0	456	0	0	5000	0	0
ENSG00000227413	RP5-1042K10.12	pseudogene	0	0	5000	0	0	506	0	0	5000	0	0
ENSG00000227484	XX-C283C717.1	antisense	0	0	5000	0	0	1378	0	0	5000	0	0
ENSG00000227519	CTA-342B11.1	lincRNA	0	0	5000	0	0	7044	0	0	5000	0	0
ENSG00000227710	LL22NC03-30E12.13	pseudogene	0	0	5000	0	0	346	0	0	5000	0	0
ENSG00000227755	AP000344.4	pseudogene	0	0	5322	0	0	14236	0	0	11970	0	0
ENSG00000227813	RP1-180M12.1	pseudogene	0	0	5000	0	0	1091	0	0	5000	0	0
ENSG00000227838	RP1-213J1P__B.1	lincRNA	0	0	5000	0	0	38404	0	0	5000	0	0
ENSG00000227880	RP11-46E17.6	lincRNA	0	0	5000	0	0	2814	0	0	5000	0	0
ENSG00000227895	RP1-272J12.1	processed_transcript	0	0	10000	0	0	149661	0	0	10000	0	0
ENSG00000228039	KB-1125A3.10	pseudogene	0	0	5083	0	0	703	0	0	5025	0	0
ENSG00000228045	DNAJA1P6	pseudogene	0	0	5000	0	0	354	0	0	5000	0	0
ENSG00000228050	TOP3BP1	pseudogene	0	0	5000	0	0	1380	0	0	5000	0	0
ENSG00000228122	MTND1P17	pseudogene	0	0	5000	0	0	204	0	0	5000	0	0
ENSG00000228161	LL22NC03-23C6.15	pseudogene	0	0	5000	0	0	162	0	0	5000	0	0
ENSG00000228194	CTA-415G2.2	pseudogene	0	0	5000	0	0	482	0	0	5000	0	0
ENSG00000228274	RP3-508I15.9	antisense	0	0	12883	0	0	14236	0	0	10050	0	0
ENSG00000228315	GUSBP11	pseudogene	0	0	46376	0	0	78870	0	0	21360	0	0
ENSG00000228587	RP1-41P2.7	lincRNA	0	0	5000	0	0	3434	0	0	5000	0	0
ENSG00000228599	RP6-11O7.2	pseudogene	0	0	5000	0	0	742	0	0	5000	0	0
ENSG00000228620	RP3-434P1.6	antisense	0	0	5000	0	0	3049	0	0	5000	0	0
ENSG00000228622	RP1-302D9.1	lincRNA	0	0	5000	0	0	677	0	0	5000	0	0
ENSG00000228719	RP5-1119A7.14	lincRNA	0	0	5000	0	0	9547	0	0	5000	0	0
ENSG00000228807	MRPS18CP6	pseudogene	0	0	5000	0	0	223	0	0	5000	0	0
ENSG00000228839	RP3-400N23.6	antisense	0	0	5000	0	0	45523	0	0	10000	0	0
ENSG00000228923	AP000355.2	antisense	0	0	5000	0	0	1879	0	0	5000	0	0
ENSG00000229027	HSFY1P1	pseudogene	0	0	5126	0	0	1862	0	0	5077	0	0
ENSG00000229088	MTND1P10	pseudogene	0	0	5000	0	0	832	0	0	5000	0	0
ENSG00000229107	FAM108A5P	pseudogene	0	0	5000	0	0	3149	0	0	5000	0	0
ENSG00000229169	RP11-247I13.6	pseudogene	0	0	5000	0	0	238	0	0	5000	0	0
ENSG00000229266	POM121L8P	pseudogene	0	0	5000	0	0	1281	0	0	5000	0	0
ENSG00000229275	LL22NC03-121E8.3	lincRNA	0	0	5000	0	0	1688	0	0	5000	0	0
ENSG00000229286	LA16c-4G1.4	pseudogene	0	0	5000	0	0	121	0	0	5000	0	0
ENSG00000229409	RP11-494O16.3	pseudogene	0	0	5000	0	0	162	0	0	5000	0	0
ENSG00000229492	AC004019.10	pseudogene	0	0	5000	0	0	1132	0	0	5000	0	0
ENSG00000229513	EIF4EBP1P2	pseudogene	0	0	5000	0	0	360	0	0	5000	0	0
ENSG00000229598	PRDX3P1	pseudogene	0	0	5000	0	0	763	0	0	5000	0	0
ENSG00000229608	GOLGA2P4	pseudogene	0	0	5000	0	0	2639	0	0	5000	0	0
ENSG00000229658	PABPC1P9	pseudogene	0	0	5000	0	0	2089	0	0	5000	0	0
ENSG00000229673	LL22NC01-116C6.1	antisense	0	0	5000	0	0	1806	0	0	5000	0	0
ENSG00000229770	CTA-796E4.4	antisense	0	0	5000	0	0	1305	0	0	5000	0	0
ENSG00000229891	Z83851.1	lincRNA	0	0	5125	0	0	4837	0	0	5068	0	0
ENSG00000229955	RP1-5O6.4	processed_transcript	0	0	5000	0	0	940	0	0	5000	0	0
ENSG00000229971	RP5-1119A7.10	antisense	0	0	5000	0	0	536	0	0	5000	0	0
ENSG00000229999	RP5-1042K10.10	antisense	0	0	5000	0	0	15627	0	0	5000	0	0
ENSG00000230051	CTA-929C8.8	lincRNA	0	0	5000	0	0	47479	0	0	5000	0	0
ENSG00000230071	RPL4P6	pseudogene	0	0	5000	0	0	1304	0	0	5000	0	0
ENSG00000230107	CTA-126B4.7	lincRNA	0	0	5000	0	0	8173	0	0	5000	0	0
ENSG00000230120	RP1-90G24.8	lincRNA	0	0	5000	0	0	939	0	0	5000	0	0
ENSG00000230137	RP4-539M6.18	pseudogene	0	0	5000	0	0	482	0	0	5000	0	0
ENSG00000230149	RP3-508I15.19	processed_transcript	0	0	5000	0	0	4261	0	0	5000	0	0
ENSG00000230194	AC000081.2	pseudogene	0	0	5000	0	0	297	0	0	5000	0	0
ENSG00000230203	CTB-1048E9.7	pseudogene	0	0	5000	0	0	1123	0	0	5000	0	0
ENSG00000230319	AL022476.2	antisense	0	0	5000	0	0	13782	0	0	5000	0	0
ENSG00000230344	AC007308.1	protein_coding	0	0	5000	0	0	2867	0	0	5000	0	0
ENSG00000230345	RP13-455A7.1	lincRNA	0	0	5000	0	0	1392	0	0	5000	0	0
ENSG00000230410	XXbac-B33L19.6	lincRNA	0	0	5870	0	0	4249	0	0	7665	0	0
ENSG00000230471	LA16c-2F2.8	lincRNA	0	0	5000	0	0	3975	0	0	5000	0	0
ENSG00000230481	AC006548.20	pseudogene	0	0	5000	0	0	473	0	0	5000	0	0
ENSG00000230485	AC000077.2	pseudogene	0	0	5000	0	0	2825	0	0	5000	0	0
ENSG00000230513	THAP7-AS1	antisense	0	0	10217	0	0	8457	0	0	5322	0	0
ENSG00000230634	RP5-996D20.3	pseudogene	0	0	5000	0	0	432	0	0	5000	0	0
ENSG00000230637	CTA-246H3.8	pseudogene	0	0	5000	0	0	12724	0	0	5000	0	0
ENSG00000230643	LA16c-60G3.5	pseudogene	0	0	5000	0	0	118	0	0	5000	0	0
ENSG00000230701	FBXW4P1	pseudogene	0	0	5000	0	0	1219	0	0	5000	0	0
ENSG00000230712	AP000354.4	pseudogene	0	0	5000	0	0	1393	0	0	5000	0	0
ENSG00000230736	RP1-149A16.3	processed_transcript	0	0	5000	0	0	7680	0	0	5000	0	0
ENSG00000230741	SC22CB-1D7.1	antisense	0	0	5000	0	0	1949	0	0	5000	0	0
ENSG00000230769	RP3-408N23.4	pseudogene	0	0	5000	0	0	491	0	0	5000	0	0
ENSG00000230821	KB-288A10.17	pseudogene	0	0	5000	0	0	1651	0	0	5000	0	0
ENSG00000230866	CTA-342B11.2	lincRNA	0	0	5001	0	0	2653	0	0	5038	0	0
ENSG00000230912	RP3-508I15.10	antisense	0	0	5000	0	0	2243	0	0	5000	0	0
ENSG00000230922	RP4-753M9.1	sense_intronic	0	0	5000	0	0	3055	0	0	5000	0	0
ENSG00000230947	AP000356.2	sense_intronic	0	0	5000	0	0	1345	0	0	5000	0	0
ENSG00000231004	CECR9	processed_transcript	0	0	5000	0	0	199	0	0	5000	0	0
ENSG00000231010	RP6-109B7.2	lincRNA	0	0	5000	0	0	2421	0	0	5000	0	0
ENSG00000231086	TSSK1A	pseudogene	0	0	5000	0	0	768	0	0	5000	0	0
ENSG00000231253	RP1-302D9.2	lincRNA	0	0	5000	0	0	7766	0	0	5000	0	0
ENSG00000231261	HMGN2P10	pseudogene	0	0	5000	0	0	265	0	0	5000	0	0
ENSG00000231271	AP000350.8	pseudogene	0	0	5000	0	0	4125	0	0	5000	0	0
ENSG00000231369	RP1-40G4P.1	pseudogene	0	0	5000	0	0	640	0	0	5000	0	0
ENSG00000231392	LL22NC03-24A12.8	pseudogene	0	0	5000	0	0	163	0	0	5000	0	0
ENSG00000231405	CTA-992D9.7	lincRNA	0	0	5000	0	0	16402	0	0	5000	0	0
ENSG00000231466	CTA-246H3.11	pseudogene	0	0	5000	0	0	780	0	0	5000	0	0
ENSG00000231467	RP5-1170K4.7	antisense	0	0	5000	0	0	2780	0	0	5000	0	0
ENSG00000231495	RP1-213J1P__B.2	lincRNA	0	0	5000	0	0	2352	0	0	5000	0	0
ENSG00000231565	NEK2P2	pseudogene	0	0	5000	0	0	1338	0	0	5000	0	0
ENSG00000231576	Z95114.3	pseudogene	0	0	5000	0	0	1015	0	0	5000	0	0
ENSG00000231711	RP11-398F12.1	lincRNA	0	0	5743	0	0	4588	0	0	5243	0	0
ENSG00000231801	ANP32BP2	pseudogene	0	0	5000	0	0	545	0	0	5000	0	0
ENSG00000231907	GAPDHP37	pseudogene	0	0	5000	0	0	968	0	0	5000	0	0
ENSG00000231933	CTA-125H2.2	antisense	0	0	18092	0	0	17672	0	0	10472	0	0
ENSG00000231993	RP1-85F18.5	lincRNA	0	0	5000	0	0	22866	0	0	5000	0	0
ENSG00000232014	MTND1P13	pseudogene	0	0	5000	0	0	1513	0	0	5000	0	0
ENSG00000232050	CTA-125H2.3	pseudogene	0	0	5000	0	0	144	0	0	5000	0	0
ENSG00000232073	RP1-302D9.3	antisense	0	0	5000	0	0	2377	0	0	5000	0	0
ENSG00000232081	LARGE-IT1	sense_intronic	0	0	5000	0	0	1081	0	0	5000	0	0
ENSG00000232218	RP1-149A16.16	pseudogene	0	0	5000	0	0	201	0	0	5000	0	0
ENSG00000232254	CSF2RBP1	pseudogene	0	0	5000	0	0	3194	0	0	5000	0	0
ENSG00000232305	CLCP1	pseudogene	0	0	5000	0	0	388	0	0	5000	0	0
ENSG00000232346	SC22CB-1E7.1	pseudogene	0	0	5000	0	0	407	0	0	5000	0	0
ENSG00000232350	LL22NC03-102D1.16	pseudogene	0	0	5000	0	0	148	0	0	5000	0	0
ENSG00000232363	RP1-102D24.5	antisense	0	0	5000	0	0	12881	0	0	5000	0	0
ENSG00000232396	RP1-76B20.11	antisense	0	0	10000	0	0	14604	0	0	5111	0	0
ENSG00000232464	CTA-125H2.1	antisense	0	0	5000	0	0	24453	0	0	5000	0	0
ENSG00000232515	LL22NC03-75A1.9	pseudogene	0	0	5000	0	0	358	0	0	5000	0	0
ENSG00000232530	RP1-102K2.6	antisense	0	0	5000	0	0	1345	0	0	5000	0	0
ENSG00000232545	KB-318B8.7	sense_intronic	0	0	5000	0	0	1666	0	0	5000	0	0
ENSG00000232564	RP4-591N18.2	antisense	0	0	5000	0	0	4908	0	0	5000	0	0
ENSG00000232603	LL22NC03-22A12.12	pseudogene	0	0	5000	0	0	292	0	0	5000	0	0
ENSG00000232655	CTA-397C4.2	lincRNA	0	0	5000	0	0	1462	0	0	5000	0	0
ENSG00000232707	AP1B1P2	pseudogene	0	0	5000	0	0	106	0	0	5000	0	0
ENSG00000232710	RP4-669P10.16	sense_intronic	0	0	5000	0	0	3497	0	0	5000	0	0
ENSG00000232754	RP1-85F18.6	antisense	0	0	5000	0	0	13955	0	0	5000	0	0
ENSG00000232771	PPP1R26P5	pseudogene	0	0	5000	0	0	3648	0	0	5000	0	0
ENSG00000232775	AP000525.10	pseudogene	0	0	5584	0	0	10635	0	0	10000	0	0
ENSG00000232897	RP11-191L9.5	pseudogene	0	0	5000	0	0	1045	0	0	5000	0	0
ENSG00000232926	AC000078.5	pseudogene	0	0	5000	0	0	682	0	0	5000	0	0
ENSG00000233010	CTA-256D12.12	pseudogene	0	0	5000	0	0	602	0	0	5000	0	0
ENSG00000233080	CTA-714B7.5	processed_transcript	0	0	5000	0	0	111233	0	0	5000	0	0
ENSG00000233157	RP3-388M5.8	pseudogene	0	0	5000	0	0	712	0	0	5000	0	0
ENSG00000233179	RP11-536P6.3	lincRNA	0	0	5000	0	0	2328	0	0	5000	0	0
ENSG00000233360	Z83844.1	antisense	0	0	10000	0	0	16546	0	0	9515	0	0
ENSG00000233388	RP4-569D19.5	pseudogene	0	0	5000	0	0	1726	0	0	5000	0	0
ENSG00000233408	LA16c-23H5.4	antisense	0	0	5000	0	0	3118	0	0	5000	0	0
ENSG00000233471	AC000094.3	pseudogene	0	0	5000	0	0	1287	0	0	5000	0	0
ENSG00000233521	RP5-1172A22.1	lincRNA	0	0	6948	0	0	3379	0	0	5070	0	0
ENSG00000233574	CTA-929C8.5	lincRNA	0	0	5000	0	0	10110	0	0	5000	0	0
ENSG00000233577	RP3-462D8.2	lincRNA	0	0	7308	0	0	3566	0	0	5803	0	0
ENSG00000233603	JTBP1	pseudogene	0	0	5000	0	0	247	0	0	5000	0	0
ENSG00000233632	RP1-302D9.5	pseudogene	0	0	5000	0	0	199	0	0	5000	0	0
ENSG00000233720	LL22NC03-30E12.11	pseudogene	0	0	5000	0	0	250	0	0	5000	0	0
ENSG00000233733	H2AFZP6	pseudogene	0	0	5000	0	0	394	0	0	5000	0	0
ENSG00000233739	RP5-1039K5.13	antisense	0	0	5000	0	0	16761	0	0	5000	0	0
ENSG00000233764	Z95114.4	pseudogene	0	0	5000	0	0	358	0	0	5000	0	0
ENSG00000233866	LA16c-4G1.3	lincRNA	0	0	5000	0	0	1080	0	0	5000	0	0
ENSG00000233899	RP4-742C19.8	processed_transcript	0	0	5000	0	0	4486	0	0	5000	0	0
ENSG00000233903	Z83851.4	lincRNA	0	0	5000	0	0	697	0	0	5000	0	0
ENSG00000233938	PPP1R26P3	pseudogene	0	0	5000	0	0	3800	0	0	5000	0	0
ENSG00000233995	KB-67B5.12	pseudogene	0	0	5000	0	0	2611	0	0	5000	0	0
ENSG00000234009	AL049757.3	pseudogene	0	0	5000	0	0	891	0	0	5000	0	0
ENSG00000234121	GPM6BP3	pseudogene	0	0	5000	0	0	145	0	0	5000	0	0
ENSG00000234208	CTA-256D12.11	processed_transcript	0	0	5000	0	0	21502	0	0	5000	0	0
ENSG00000234252	AC007308.6	lincRNA	0	0	5000	0	0	2874	0	0	5000	0	0
ENSG00000234300	LINC00229	lincRNA	0	0	5000	0	0	18481	0	0	5000	0	0
ENSG00000234353	AP000347.4	pseudogene	0	0	5186	0	0	2271	0	0	5337	0	0
ENSG00000234381	LA16c-59E1.2	pseudogene	0	0	5000	0	0	9151	0	0	5000	0	0
ENSG00000234409	AC006547.14	protein_coding	0	0	6116	0	0	2430	0	0	5973	0	0
ENSG00000234479	AP1B1P1	pseudogene	0	0	5962	0	0	11493	0	0	10000	0	0
ENSG00000234503	KB-1592A4.14	lincRNA	0	0	5000	0	0	1984	0	0	5000	0	0
ENSG00000234626	RP1-149A16.12	antisense	0	0	5000	0	0	15935	0	0	5000	0	0
ENSG00000234630	LL22NC03-2H8.4	lincRNA	0	0	5000	0	0	1062	0	0	5000	0	0
ENSG00000234688	RP1-293L6.1	antisense	0	0	5000	0	0	17555	0	0	5000	0	0
ENSG00000234726	LL22NC03-123E1.5	pseudogene	0	0	5000	0	0	1751	0	0	5000	0	0
ENSG00000234735	AL022237.3	pseudogene	0	0	5000	0	0	358	0	0	5000	0	0
ENSG00000234757	CA15P2	pseudogene	0	0	5000	0	0	2571	0	0	5000	0	0
ENSG00000234764	AC008132.12	pseudogene	0	0	5000	0	0	745	0	0	5000	0	0
ENSG00000234869	RP3-439F8.1	antisense	0	0	5000	0	0	6702	0	0	5000	0	0
ENSG00000234884	CTA-407F11.8	antisense	0	0	6984	0	0	3346	0	0	5312	0	0
ENSG00000234891	RP1-288L1.5	lincRNA	0	0	5000	0	0	1760	0	0	5000	0	0
ENSG00000234892	Z82214.2	antisense	0	0	5000	0	0	6870	0	0	5000	0	0
ENSG00000234913	XXbac-B476C20.13	sense_intronic	0	0	5000	0	0	3039	0	0	5000	0	0
ENSG00000234928	AP000344.3	lincRNA	0	0	5340	0	0	1508	0	0	5607	0	0
ENSG00000234965	SHISA8	protein_coding	0	0	5000	0	0	3274	0	0	5000	0	0
ENSG00000234979	CITF22-24E5.1	antisense	0	0	5000	0	0	3411	0	0	5000	0	0
ENSG00000235062	BCRP5	pseudogene	0	0	5000	0	0	973	0	0	5000	0	0
ENSG00000235091	WI2-85898F10.1	lincRNA	0	0	5000	0	0	11750	0	0	5000	0	0
ENSG00000235111	RP1-29C18.8	sense_intronic	0	0	5000	0	0	3060	0	0	5000	0	0
ENSG00000235154	CTA-280A3__B.2	lincRNA	0	0	5000	0	0	3840	0	0	5000	0	0
ENSG00000235159	RP6-109B7.4	antisense	0	0	5000	0	0	2536	0	0	5000	0	0
ENSG00000235209	CTA-150C2.13	lincRNA	0	0	5000	0	0	3482	0	0	5000	0	0
ENSG00000235231	AP000351.10	pseudogene	0	0	5258	0	0	927	0	0	5021	0	0
ENSG00000235237	RP1-151B14.6	antisense	0	0	5000	0	0	16094	0	0	5000	0	0
ENSG00000235246	RP1-5O6.5	processed_transcript	0	0	5000	0	0	929	0	0	5000	0	0
ENSG00000235265	LA16c-4G1.5	pseudogene	0	0	5000	0	0	578	0	0	5000	0	0
ENSG00000235271	RP1-90L6.3	lincRNA	0	0	10000	0	0	17320	0	0	5048	0	0
ENSG00000235295	XXbac-B476C20.17	lincRNA	0	0	5000	0	0	8584	0	0	5000	0	0
ENSG00000235328	AC006946.12	pseudogene	0	0	5000	0	0	328	0	0	5000	0	0
ENSG00000235343	AC005301.8	lincRNA	0	0	5000	0	0	1777	0	0	5000	0	0
ENSG00000235347	RP1-37M3.8	pseudogene	0	0	5000	0	0	1219	0	0	5000	0	0
ENSG00000235445	XXbac-B476C20.14	sense_intronic	0	0	5000	0	0	415	0	0	5000	0	0
ENSG00000235478	AC006946.15	protein_coding	0	0	6661	0	0	10519	0	0	5009	0	0
ENSG00000235485	RP1-101G11.2	pseudogene	0	0	5000	0	0	2194	0	0	5000	0	0
ENSG00000235513	RP4-756G23.5	antisense	0	0	5560	0	0	8506	0	0	5004	0	0
ENSG00000235568	NFAM1	protein_coding	0	0	10000	0	0	51986	0	0	5033	0	0
ENSG00000235573	RP3-412A9.12	pseudogene	0	0	5000	0	0	380	0	0	5000	0	0
ENSG00000235578	XXbac-B33L19.4	lincRNA	0	0	5000	0	0	1163	0	0	5000	0	0
ENSG00000235617	XXbac-B476C20.10	pseudogene	0	0	5000	0	0	277	0	0	5000	0	0
ENSG00000235647	RP1-172B20.6	pseudogene	0	0	5000	0	0	1167	0	0	5000	0	0
ENSG00000235689	AP000351.13	pseudogene	0	0	5000	0	0	1954	0	0	5000	0	0
ENSG00000235704	AC023490.2	lincRNA	0	0	5000	0	0	1135	0	0	5000	0	0
ENSG00000235759	ARHGAP42P3	pseudogene	0	0	5000	0	0	2935	0	0	5000	0	0
ENSG00000235776	AC000089.3	pseudogene	0	0	5000	0	0	801	0	0	5000	0	0
ENSG00000235786	ZNRF3-IT1	sense_intronic	0	0	5000	0	0	25900	0	0	5000	0	0
ENSG00000235954	TTC28-AS1	lincRNA	0	0	32426	0	0	89206	0	0	20250	0	0
ENSG00000235969	CHEK2P4	pseudogene	0	0	5000	0	0	6172	0	0	5000	0	0
ENSG00000235989	MORC2-AS1	antisense	0	0	10000	0	0	10142	0	0	5141	0	0
ENSG00000235992	GRAMD4P2	pseudogene	0	0	5000	0	0	1670	0	0	5000	0	0
ENSG00000236003	AC007050.17	antisense	0	0	5000	0	0	1801	0	0	5000	0	0
ENSG00000236052	LL22NC03-86D4.1	lincRNA	0	0	5000	0	0	170953	0	0	5000	0	0
ENSG00000236054	LL22NC03-104C7.1	antisense	0	0	5000	0	0	905	0	0	5000	0	0
ENSG00000236079	RP1-32I10.11	pseudogene	0	0	5000	0	0	1330	0	0	5000	0	0
ENSG00000236097	BNIP3P2	pseudogene	0	0	5000	0	0	577	0	0	5000	0	0
ENSG00000236117	RP4-754E20__A.5	lincRNA	0	0	5000	0	0	9351	0	0	5000	0	0
ENSG00000236118	LL22NC03-30E12.10	pseudogene	0	0	5000	0	0	361	0	0	5000	0	0
ENSG00000236132	CTA-440B3.1	pseudogene	0	0	5000	0	0	1113	0	0	5000	0	0
ENSG00000236235	LA16c-13E4.3	pseudogene	0	0	5000	0	0	6479	0	0	5000	0	0
ENSG00000236272	Z82214.3	antisense	0	0	5000	0	0	988	0	0	5000	0	0
ENSG00000236323	BMP6P1	pseudogene	0	0	5000	0	0	679	0	0	5000	0	0
ENSG00000236325	AC005300.5	pseudogene	0	0	5000	0	0	373	0	0	5000	0	0
ENSG00000236464	CTA-796E4.3	lincRNA	0	0	5000	0	0	2470	0	0	5000	0	0
ENSG00000236499	EM:AC006547.7	protein_coding	0	0	5000	0	0	607	0	0	5000	0	0
ENSG00000236540	AC006547.13	antisense	0	0	5031	0	0	7543	0	0	9445	0	0
ENSG00000236611	AP000343.2	lincRNA	0	0	5000	0	0	1878	0	0	5000	0	0
ENSG00000236641	CTA-221G9.7	lincRNA	0	0	5000	0	0	944	0	0	5000	0	0
ENSG00000236650	CTA-221G9.10	pseudogene	0	0	5000	0	0	679	0	0	5000	0	0
ENSG00000236666	POTEH-AS1	antisense	0	0	5000	0	0	4043	0	0	5000	0	0
ENSG00000236670	KRT18P5	pseudogene	0	0	5000	0	0	1291	0	0	5000	0	0
ENSG00000236754	AC004019.13	antisense	0	0	5000	0	0	9036	0	0	5000	0	0
ENSG00000236794	BCRP8	pseudogene	1	0	5047	0	0	408	0	0	5106	1	0
ENSG00000236831	YME1L1P1	pseudogene	0	0	5000	0	0	2575	0	0	5000	0	0
ENSG00000236850	LL22NC03-80A10.6	pseudogene	0	0	10000	0	0	19615	0	0	5000	0	0
ENSG00000236858	CTA-992D9.6	lincRNA	0	0	5000	0	0	12375	0	0	5000	0	0
ENSG00000236867	RP3-522J7.5	pseudogene	0	0	5000	0	0	465	0	0	5000	0	0
ENSG00000236890	XXbac-B476C20.11	pseudogene	0	0	5000	0	0	210	0	0	5000	0	0
ENSG00000236954	AC008103.1	protein_coding	0	0	5000	0	0	11574	0	0	5000	0	0
ENSG00000236984	XXbac-B33L19.10	pseudogene	0	0	5000	0	0	1951	0	0	5000	0	0
ENSG00000237015	CTA-984G1.5	antisense	0	0	5000	0	0	1149	0	0	5000	0	0
ENSG00000237037	RP4-669P10.18	antisense	0	0	10494	0	0	46678	0	0	10469	0	0
ENSG00000237127	LL22NC03-84E4.8	pseudogene	0	0	5000	0	0	253	0	0	5000	0	0
ENSG00000237129	Z95114.7	pseudogene	0	0	5000	0	0	670	0	0	5000	0	0
ENSG00000237214	RP11-12M9.3	pseudogene	0	0	5003	0	0	585	0	0	5000	0	0
ENSG00000237299	LA16c-60G3.6	pseudogene	0	0	5000	0	0	36571	0	0	5000	0	0
ENSG00000237316	RP1-288L1.4	lincRNA	0	0	5000	0	0	13012	0	0	5000	0	0
ENSG00000237347	AC004461.4	pseudogene	0	0	5000	0	0	712	0	0	5000	0	0
ENSG00000237358	AC007064.25	pseudogene	0	0	5000	0	0	351	0	0	5000	0	0
ENSG00000237387	CTA-407F11.7	antisense	0	0	5000	0	0	1142	0	0	5000	0	0
ENSG00000237406	NDUFA9P1	pseudogene	0	0	5000	0	0	1135	0	0	5000	0	0
ENSG00000237407	KB-1183D5.14	lincRNA	0	0	5000	0	0	1985	0	0	5000	0	0
ENSG00000237428	LL22NC03-22A12.9	pseudogene	0	0	5000	0	0	1561	0	0	5000	0	0
ENSG00000237438	CECR7	lincRNA	0	0	7234	0	0	22223	0	0	5642	0	0
ENSG00000237439	RP1-127L4.10	pseudogene	0	0	5000	0	0	924	0	0	5000	0	0
ENSG00000237446	XXbac-B476C20.12	pseudogene	0	0	5000	0	0	987	0	0	5000	0	0
ENSG00000237472	AP000361.2	pseudogene	0	0	5000	0	0	319	0	0	5000	0	0
ENSG00000237476	XXbac-B135H6.15	lincRNA	0	0	5000	0	0	7588	0	0	5000	0	0
ENSG00000237517	DGCR5	antisense	0	0	28200	0	0	60716	0	0	20070	0	0
ENSG00000237601	AP000358.5	pseudogene	0	0	5000	0	0	156	0	0	5000	0	0
ENSG00000237668	WI2-80423F1.1	pseudogene	0	0	5000	0	0	372	0	0	5000	0	0
ENSG00000237689	AC007064.24	lincRNA	0	0	5000	0	0	1649	0	0	5000	0	0
ENSG00000237835	AC007064.22	pseudogene	0	0	5000	0	0	359	0	0	5000	0	0
ENSG00000237862	RP1-63G5.7	lincRNA	0	0	5000	0	0	2650	0	0	5000	0	0
ENSG00000237948	Z95114.5	pseudogene	0	0	5000	0	0	562	0	0	5000	0	0
ENSG00000237977	RP3-430N8.8	pseudogene	0	0	5000	0	0	563	0	0	5000	0	0
ENSG00000238120	CTA-941F9.9	antisense	0	0	5000	0	0	1190	0	0	5000	0	0
ENSG00000238125	SLC9A3P2	pseudogene	0	0	5000	0	0	2021	0	0	5000	0	0
ENSG00000238153	CTA-714B7.4	pseudogene	0	0	5000	0	0	1044	0	0	5000	0	0
ENSG00000238192	LL22NC03-121E8.4	lincRNA	0	0	5000	0	0	1541	0	0	5000	0	0
ENSG00000238195	CTA-503F6.2	lincRNA	0	0	5000	0	0	916	0	0	5000	0	0
ENSG00000238498	snoU13	snoRNA	0	0	5000	0	0	104	0	0	5000	0	0
ENSG00000238569	snoU13	snoRNA	0	0	5000	0	0	82	0	0	5000	0	0
ENSG00000238584	U7	snRNA	0	0	5000	0	0	62	0	0	5000	0	0
ENSG00000238604	Y_RNA	misc_RNA	0	0	5000	0	0	101	0	0	5000	0	0
ENSG00000238875	7SK	misc_RNA	0	0	5000	0	0	261	0	0	5000	0	0
ENSG00000238887	snoU13	snoRNA	0	0	5000	0	0	104	0	0	5000	0	0
ENSG00000238910	snoU13	snoRNA	0	0	5000	0	0	103	0	0	5000	0	0
ENSG00000239056	snoU13	snoRNA	0	0	5000	0	0	78	0	0	5000	0	0
ENSG00000239066	snoU13	snoRNA	0	0	5000	0	0	96	0	0	5000	0	0
ENSG00000239127	SNORD125	snoRNA	0	0	5000	0	0	96	0	0	5000	0	0
ENSG00000239249	Metazoa_SRP	misc_RNA	0	0	5000	0	0	299	0	0	5000	0	0
ENSG00000239282	GATSL3	protein_coding	0	0	7322	0	0	4511	0	0	7237	0	0
ENSG00000239334	GSTTP2	pseudogene	0	0	11304	0	0	15962	0	0	5120	0	0
ENSG00000239435	KCNMB3P1	pseudogene	0	0	5151	0	0	1792	0	0	5115	0	0
ENSG00000239446	RP1-76B20.12	antisense	0	0	5000	0	0	7895	0	0	5000	0	0
ENSG00000239511	POM121L7	protein_coding	0	0	7899	0	0	5303	0	0	5306	0	0
ENSG00000239547	Metazoa_SRP	misc_RNA	0	0	5000	0	0	295	0	0	5000	0	0
ENSG00000239674	RP1-127L4.7	processed_transcript	0	0	5000	0	0	2006	0	0	5000	0	0
ENSG00000239713	APOBEC3G	protein_coding	0	0	13043	0	0	46825	0	0	13630	0	0
ENSG00000239800	Metazoa_SRP	misc_RNA	0	0	5000	0	0	274	0	0	5000	0	0
ENSG00000239900	ADSL	protein_coding	0	0	19493	0	0	22317	0	0	18380	0	0
ENSG00000239989	AC008132.14	pseudogene	0	0	5000	0	0	391	0	0	5000	0	0
ENSG00000240122	FABP5P11	pseudogene	0	0	5000	0	0	397	0	0	5000	0	0
ENSG00000240160	Metazoa_SRP	misc_RNA	0	0	5000	0	0	288	0	0	5000	0	0
ENSG00000240186	Metazoa_SRP	misc_RNA	0	0	5000	0	0	295	0	0	5000	0	0
ENSG00000240293	CTA-286B10.7	processed_transcript	0	0	5000	0	0	9867	0	0	5000	0	0
ENSG00000240529	RP11-247I13.7	processed_transcript	0	0	5000	0	0	2931	0	0	5000	0	0
ENSG00000240591	RP11-247I13.11	antisense	0	0	5148	0	0	9954	0	0	10000	0	0
ENSG00000240647	Metazoa_SRP	misc_RNA	0	0	5000	0	0	283	0	0	5000	0	0
ENSG00000240906	AP000356.1	pseudogene	0	0	5000	0	0	551	0	0	5000	0	0
ENSG00000240972	MIF	protein_coding	0	0	5001	0	0	1224	0	0	5694	0	0
ENSG00000241333	Metazoa_SRP	misc_RNA	0	0	5000	0	0	274	0	0	5000	0	0
ENSG00000241360	PDXP	protein_coding	0	0	5002	0	0	8208	0	0	10000	0	0
ENSG00000241484	ARHGAP8	protein_coding	0	0	30651	0	0	160311	0	0	30269	0	0
ENSG00000241527	CA15P1	pseudogene	0	0	5000	0	0	3001	0	0	5000	0	0
ENSG00000241528	RP1-130H16.16	processed_transcript	0	0	5000	0	0	2933	0	0	5000	0	0
ENSG00000241693	Metazoa_SRP	misc_RNA	0	0	5000	0	0	274	0	0	5000	0	0
ENSG00000241717	VWFP1	pseudogene	0	0	5000	0	0	14375	0	0	5000	0	0
ENSG00000241832	CECR3	processed_transcript	0	0	5000	0	0	9875	0	0	5000	0	0
ENSG00000241838	LA16c-3G11.7	pseudogene	0	0	5564	0	0	1123	0	0	5250	0	0
ENSG00000241850	GSTTP1	pseudogene	0	0	5046	0	0	6431	0	0	5005	0	0
ENSG00000241878	PISD	protein_coding	0	0	12387	0	0	43942	0	0	20375	0	0
ENSG00000241954	RP1-149A16.17	antisense	0	0	5000	0	0	1846	0	0	5000	0	0
ENSG00000241973	PI4KA	protein_coding	0	0	46067	0	0	151727	0	0	56984	0	0
ENSG00000241990	RP6-109B7.3	processed_transcript	0	0	5000	0	0	3506	0	0	6210	0	0
ENSG00000242082	RP1-90G24.10	processed_transcript	0	0	5000	0	0	64552	0	0	5000	0	0
ENSG00000242114	MTFP1	protein_coding	0	0	6866	0	0	3528	0	0	5287	0	0
ENSG00000242156	AC000041.8	pseudogene	0	0	5000	0	0	4039	0	0	5000	0	0
ENSG00000242247	ARFGAP3	protein_coding	0	0	25912	0	0	61605	0	0	10867	0	0
ENSG00000242251	Metazoa_SRP	misc_RNA	0	0	5000	0	0	295	0	0	5000	0	0
ENSG00000242259	C22orf39	protein_coding	0	0	12485	0	0	96865	0	0	5541	0	0
ENSG00000242463	Metazoa_SRP	misc_RNA	0	0	5000	0	0	285	0	0	5000	0	0
ENSG00000242876	Metazoa_SRP	misc_RNA	0	0	5000	0	0	274	0	0	5000	0	0
ENSG00000243156	MICAL3	protein_coding	0	0	51595	0	0	236911	0	0	52378	0	0
ENSG00000243453	COX7BP1	pseudogene	0	0	5000	0	0	244	0	0	5000	0	0
ENSG00000243519	RP1-149A16.15	pseudogene	0	0	5000	0	0	454	0	0	5000	0	0
ENSG00000243762	AC006547.8	processed_transcript	0	0	5000	0	0	1055	0	0	5000	0	0
ENSG00000243811	APOBEC3D	protein_coding	0	0	5935	0	0	18889	0	0	10339	0	0
ENSG00000243902	RP1-63G5.5	processed_transcript	0	0	11119	0	0	87882	0	0	17001	0	0
ENSG00000244296	Metazoa_SRP	misc_RNA	0	0	5000	0	0	277	0	0	5000	0	0
ENSG00000244425	Metazoa_SRP	misc_RNA	0	0	5000	0	0	296	0	0	5000	0	0
ENSG00000244472	RP1-302D9.4	processed_transcript	0	0	5000	0	0	55365	0	0	5000	0	0
ENSG00000244486	SCARF2	protein_coding	0	0	6500	0	0	13273	0	0	10034	0	0
ENSG00000244491	RP3-508I15.18	processed_transcript	0	0	5000	0	0	4041	0	0	5000	0	0
ENSG00000244509	APOBEC3C	protein_coding	0	0	5083	0	0	4844	0	0	5179	0	0
ENSG00000244625	CTA-211A9.5	lincRNA	0	0	28072	0	0	107441	0	0	10206	0	0
ENSG00000244627	RP3-449O17.1	pseudogene	0	0	31649	0	0	63168	0	0	16484	0	0
ENSG00000244671	Metazoa_SRP	misc_RNA	0	0	5000	0	0	300	0	0	5000	0	0
ENSG00000244723	ASLP1	pseudogene	0	0	5000	0	0	4122	0	0	5000	0	0
ENSG00000244752	CRYBB2	protein_coding	0	0	5000	0	0	12348	0	0	5000	0	0
ENSG00000248405	PRR5-ARHGAP8	protein_coding	0	0	10035	0	0	160474	0	0	10257	0	0
ENSG00000248409	KB-1269D1.8	pseudogene	0	0	5000	0	0	1069	0	0	5000	0	0
ENSG00000248603	RP3-412A9.10	processed_transcript	0	0	5000	0	0	2882	0	0	5000	0	0
ENSG00000248751	RP1-130H16.18	protein_coding	0	0	5009	0	0	14245	0	0	8639	0	0
ENSG00000249222	ATP5L2	protein_coding	0	0	5000	0	0	799	0	0	5000	0	0
ENSG00000249263	PARP4P3	pseudogene	0	0	5000	0	0	5737	0	0	5000	0	0
ENSG00000249288	SLC25A15P5	pseudogene	0	0	5000	0	0	887	0	0	5000	0	0
ENSG00000249310	APOBEC3B-AS1	antisense	0	0	5000	0	0	6651	0	0	5000	0	0
ENSG00000249333	LL22NC03-23C6.12	pseudogene	0	0	5000	0	0	484	0	0	5000	0	0
ENSG00000249590	RP4-539M6.19	protein_coding	0	0	5003	0	0	19734	0	0	5008	0	0
ENSG00000249680	TUBA3GP	pseudogene	0	0	5000	0	0	4638	0	0	5000	0	0
ENSG00000249923	XXbac-B444P24.8	antisense	0	0	5000	0	0	6190	0	0	5000	0	0
ENSG00000250261	AC007050.18	pseudogene	0	0	5000	0	0	4723	0	0	5000	0	0
ENSG00000250318	CTA-963H5.5	pseudogene	0	0	5000	0	0	938	0	0	5000	0	0
ENSG00000250470	AP000351.3	pseudogene	0	0	5000	0	0	682	0	0	5000	0	0
ENSG00000250479	CHCHD10	protein_coding	0	0	5101	0	0	2610	0	0	6979	0	0
ENSG00000251267	RP1-5O6.6	processed_transcript	0	0	5000	0	0	1958	0	0	5000	0	0
ENSG00000251322	SHANK3	protein_coding	0	0	5085	0	0	58884	0	0	5227	0	0
ENSG00000251357	AP000350.10	protein_coding	0	0	5000	0	0	32681	0	0	5000	0	0
ENSG00000251737	snoU13	snoRNA	0	0	5000	0	0	114	0	0	5000	0	0
ENSG00000251820	snoU13	snoRNA	0	0	5000	0	0	77	0	0	5000	0	0
ENSG00000251890	RNA5SP497	rRNA	0	0	5000	0	0	97	0	0	5000	0	0
ENSG00000251912	AL954742.1	miRNA	0	0	5000	0	0	85	0	0	5000	0	0
ENSG00000251913	U6	snRNA	0	0	5000	0	0	104	0	0	5000	0	0
ENSG00000251940	SNORA15	snoRNA	0	0	5000	0	0	94	0	0	5000	0	0
ENSG00000251952	U6	snRNA	0	0	5000	0	0	112	0	0	5000	0	0
ENSG00000251985	U6	snRNA	0	0	5000	0	0	102	0	0	5000	0	0
ENSG00000252020	SCARNA17	snoRNA	0	0	5000	0	0	143	0	0	5000	0	0
ENSG00000252024	SCARNA18	snoRNA	0	0	5000	0	0	83	0	0	5000	0	0
ENSG00000252124	AL031594.1	miRNA	0	0	5000	0	0	77	0	0	5000	0	0
ENSG00000252142	AL022314.1	miRNA	0	0	5000	0	0	60	0	0	5000	0	0
ENSG00000252143	SCARNA17	snoRNA	0	0	5000	0	0	143	0	0	5000	0	0
ENSG00000252225	Y_RNA	misc_RNA	0	0	5000	0	0	91	0	0	5000	0	0
ENSG00000252267	RNA5SP495	rRNA	0	0	5000	0	0	110	0	0	5000	0	0
ENSG00000252314	SCARNA18	snoRNA	0	0	5000	0	0	83	0	0	5000	0	0
ENSG00000252402	snoU13	snoRNA	0	0	5000	0	0	77	0	0	5000	0	0
ENSG00000252412	Y_RNA	misc_RNA	0	0	5000	0	0	95	0	0	5000	0	0
ENSG00000252571	SCARNA17	snoRNA	0	0	5000	0	0	143	0	0	5000	0	0
ENSG00000252575	BX470187.1	miRNA	0	0	5000	0	0	103	0	0	5000	0	0
ENSG00000252603	U6atac	snRNA	0	0	5000	0	0	89	0	0	5000	0	0
ENSG00000252605	SCARNA18	snoRNA	0	0	5000	0	0	83	0	0	5000	0	0
ENSG00000252799	snoU13	snoRNA	0	0	5000	0	0	77	0	0	5000	0	0
ENSG00000252859	U6	snRNA	0	0	5000	0	0	100	0	0	5000	0	0
ENSG00000252909	U6	snRNA	0	0	5000	0	0	61	0	0	5000	0	0
ENSG00000253007	SNORA76	snoRNA	0	0	5000	0	0	135	0	0	5000	0	0
ENSG00000253120	IGLV2-34	IG_V_pseudogene	0	0	5000	0	0	283	0	0	5000	0	0
ENSG00000253126	IGLVI-56	IG_V_pseudogene	0	0	5000	0	0	452	0	0	5000	0	0
ENSG00000253152	IGLV3-17	IG_V_pseudogene	0	0	5000	0	0	244	0	0	5000	0	0
ENSG00000253234	IGLV2-5	IG_V_pseudogene	0	0	5000	0	0	277	0	0	5000	0	0
ENSG00000253239	IGLVI-70	IG_V_pseudogene	0	0	5000	0	0	518	0	0	5000	0	0
ENSG00000253242	IGLVIV-64	IG_V_pseudogene	0	0	5000	0	0	301	0	0	5000	0	0
ENSG00000253329	IGLV3-30	IG_V_pseudogene	0	0	5000	0	0	592	0	0	5000	0	0
ENSG00000253338	IGLV3-29	IG_V_pseudogene	0	0	5000	0	0	244	0	0	5000	0	0
ENSG00000253352	TUG1	lincRNA	0	0	10736	0	0	8169	0	0	7735	0	0
ENSG00000253448	IGLV3-6	IG_V_pseudogene	0	0	5000	0	0	250	0	0	5000	0	0
ENSG00000253451	IGLV2-28	IG_V_pseudogene	0	0	5000	0	0	435	0	0	5000	0	0
ENSG00000253460	IGKV2OR22-3	IG_V_pseudogene	0	0	5000	0	0	734	0	0	5000	0	0
ENSG00000253481	IGKV1OR22-1	IG_V_pseudogene	0	0	5000	0	0	252	0	0	5000	0	0
ENSG00000253546	IGLVVI-22-1	IG_V_pseudogene	0	0	5000	0	0	211	0	0	5000	0	0
ENSG00000253590	IGLV3-13	IG_V_pseudogene	0	0	5000	0	0	223	0	0	5000	0	0
ENSG00000253631	IGLV7-35	IG_V_pseudogene	0	0	5000	0	0	451	0	0	5000	0	0
ENSG00000253637	IGLVV-58	IG_V_pseudogene	0	0	5000	0	0	304	0	0	5000	0	0
ENSG00000253691	IGKV2OR22-4	IG_V_pseudogene	0	0	5000	0	0	750	0	0	5000	0	0
ENSG00000253752	IGLVI-63	IG_V_pseudogene	0	0	5000	0	0	494	0	0	5000	0	0
ENSG00000253779	IGLVVI-25-1	IG_V_pseudogene	0	0	5000	0	0	249	0	0	5000	0	0
ENSG00000253786	IGLV3-15	IG_V_pseudogene	0	0	5000	0	0	244	0	0	5000	0	0
ENSG00000253794	IGLV10-67	IG_V_pseudogene	0	0	5000	0	0	325	0	0	5000	0	0
ENSG00000253818	IGLV1-41	IG_V_pseudogene	0	0	5000	0	0	515	0	0	5000	0	0
ENSG00000253822	IGLV3-24	IG_V_pseudogene	0	0	5000	0	0	514	0	0	5000	0	0
ENSG00000253823	IGLV1-62	IG_V_pseudogene	0	0	5000	0	0	550	0	0	5000	0	0
ENSG00000253874	IGLVIV-66-1	IG_V_pseudogene	0	0	5000	0	0	460	0	0	5000	0	0
ENSG00000253889	IGLVI-38	IG_V_pseudogene	0	0	5000	0	0	494	0	0	5000	0	0
ENSG00000253913	IGLV3-26	IG_V_pseudogene	0	0	5000	0	0	451	0	0	5000	0	0
ENSG00000253920	IGLV3-31	IG_V_pseudogene	0	0	5000	0	0	721	0	0	5000	0	0
ENSG00000253935	IGLVIV-53	IG_V_pseudogene	0	0	5000	0	0	487	0	0	5000	0	0
ENSG00000253963	IGLV3-2	IG_V_pseudogene	0	0	5000	0	0	229	0	0	5000	0	0
ENSG00000254029	IGLC4	IG_C_pseudogene	0	0	5000	0	0	248	0	0	5000	0	0
ENSG00000254030	IGLC5	IG_C_pseudogene	0	0	5000	0	0	293	0	0	5000	0	0
ENSG00000254073	IGLVVII-41-1	IG_V_pseudogene	0	0	5000	0	0	151	0	0	5000	0	0
ENSG00000254075	IGLVV-66	IG_V_pseudogene	0	0	5000	0	0	462	0	0	5000	0	0
ENSG00000254077	IGLV3-7	IG_V_pseudogene	0	0	5000	0	0	271	0	0	5000	0	0
ENSG00000254127	IGLCOR22-1	IG_C_pseudogene	0	0	5000	0	0	316	0	0	5000	0	0
ENSG00000254161	IGLVIV-65	IG_V_pseudogene	0	0	5000	0	0	483	0	0	5000	0	0
ENSG00000254175	IGLVI-42	IG_V_pseudogene	0	0	5000	0	0	493	0	0	5000	0	0
ENSG00000254240	IGLVI-20	IG_V_pseudogene	0	0	5000	0	0	130	0	0	5000	0	0
ENSG00000254264	IGKV3OR22-2	IG_V_pseudogene	0	0	5000	0	0	493	0	0	5000	0	0
ENSG00000254308	IGLVIV-59	IG_V_pseudogene	0	0	5000	0	0	250	0	0	5000	0	0
ENSG00000254355	IGLVI-68	IG_V_pseudogene	0	0	5000	0	0	450	0	0	5000	0	0
ENSG00000254413	CHKB-CPT1B	protein_coding	0	0	10126	0	0	14097	0	0	8213	0	0
ENSG00000254499	AC002056.5	antisense	0	0	5000	0	0	2928	0	0	5000	0	0
ENSG00000254709	IGLL5	protein_coding	0	0	5000	0	0	8046	0	0	5049	0	0
ENSG00000254835	RNF185-AS1	antisense	0	0	5000	0	0	353	0	0	5000	0	0
ENSG00000254994	RP5-1042K10.13	processed_transcript	0	0	5000	0	0	25425	0	0	5000	0	0
ENSG00000255156	KLHL22-IT1	sense_intronic	0	0	5000	0	0	109	0	0	5000	0	0
ENSG00000255594	Z82188.1	pseudogene	0	0	5000	0	0	732	0	0	5000	0	0
ENSG00000255782	Z83840.1	pseudogene	0	0	5000	0	0	1858	0	0	5000	0	0
ENSG00000256872	NOL12	protein_coding	0	0	10177	0	0	11804	0	0	11112	0	0
ENSG00000256873	AL021977.1	pseudogene	0	0	5000	0	0	736	0	0	5000	0	0
ENSG00000257034	AL021707.2	pseudogene	0	0	5000	0	0	754	0	0	5000	0	0
ENSG00000258242	CITF22-92A6.1	processed_transcript	0	0	5000	0	0	1893	0	0	5000	0	0
ENSG00000258555	SPECC1L	protein_coding	0	0	5000	0	0	171459	0	0	5000	0	0
ENSG00000259271	ANKRD62P1	pseudogene	0	0	5000	0	0	8404	0	0	5000	0	0
ENSG00000259421	CTA-150C2.20	pseudogene	0	0	5000	0	0	258	0	0	5000	0	0
ENSG00000260065	CTA-445C9.15	lincRNA	0	0	5000	0	0	3054	0	0	5000	0	0
ENSG00000260613	RP3-522J7.6	lincRNA	0	0	5000	0	0	5171	0	0	5000	0	0
ENSG00000260655	CTA-250D10.23	lincRNA	0	0	5000	0	0	1078	0	0	5000	0	0
ENSG00000260708	CTA-29F11.1	antisense	0	0	5000	0	0	670	0	0	5000	0	0
ENSG00000260924	AC004463.6	antisense	0	0	5000	0	0	1438	0	0	5000	0	0
ENSG00000261188	CTA-445C9.14	antisense	0	0	5656	0	0	2032	0	0	5018	0	0
ENSG00000261202	RP3-496C20.1	lincRNA	0	0	5000	0	0	1463	0	0	5000	0	0
ENSG00000261251	RP3-388M5.9	antisense	0	0	8439	0	0	4939	0	0	5037	0	0
ENSG00000261675	RP5-1119A7.17	sense_overlapping	0	0	5000	0	0	2046	0	0	5000	0	0
ENSG00000263463	MIR378I	miRNA	0	0	5000	0	0	76	0	0	5000	0	0
ENSG00000263764	SNORD43	snoRNA	0	0	5000	0	0	64	0	0	5000	0	0
ENSG00000264073	MIR3199-1	miRNA	0	0	5000	0	0	88	0	0	5000	0	0
ENSG00000264139	MIR3667	miRNA	0	0	5000	0	0	74	0	0	5000	0	0
ENSG00000264141	MIR3928	miRNA	0	0	5000	0	0	58	0	0	5000	0	0
ENSG00000264147	MIR4763	miRNA	0	0	5000	0	0	92	0	0	5000	0	0
ENSG00000264160	MIR4762	miRNA	0	0	5000	0	0	75	0	0	5000	0	0
ENSG00000264346	SNORA77	snoRNA	0	0	5000	0	0	125	0	0	5000	0	0
ENSG00000264505	MIR4534	miRNA	0	0	5000	0	0	60	0	0	5000	0	0
ENSG00000264612	AP000539.1	miRNA	0	0	5000	0	0	83	0	0	5000	0	0
ENSG00000264629	D87007.1	miRNA	0	0	5000	0	0	95	0	0	5000	0	0
ENSG00000264661	MIR3200	miRNA	0	0	5000	0	0	85	0	0	5000	0	0
ENSG00000264718	AC007050.1	miRNA	0	0	5000	0	0	82	0	0	5000	0	0
ENSG00000264757	MIR3198-1	miRNA	0	0	5000	0	0	80	0	0	5000	0	0
ENSG00000264824	hsa-mir-5571	miRNA	0	0	5000	0	0	113	0	0	5000	0	0
ENSG00000264925	Z98949.1	miRNA	0	0	5000	0	0	88	0	0	5000	0	0
ENSG00000265087	MIR4761	miRNA	0	0	5000	0	0	82	0	0	5000	0	0
ENSG00000265106	Z93241.1	miRNA	0	0	5000	0	0	86	0	0	5000	0	0
ENSG00000265270	AP000539.2	miRNA	0	0	5000	0	0	83	0	0	5000	0	0
ENSG00000265300	AC007731.2	miRNA	0	0	5000	0	0	92	0	0	5000	0	0
ENSG00000265311	AL020993.1	miRNA	0	0	5000	0	0	86	0	0	5000	0	0
ENSG00000265406	AP000539.3	miRNA	0	0	5000	0	0	83	0	0	5000	0	0
ENSG00000265610	CR536603.1	miRNA	0	0	5000	0	0	77	0	0	5000	0	0
ENSG00000265978	AL008721.1	miRNA	0	0	5000	0	0	90	0	0	5000	0	0
ENSG00000266012	MIR4764	miRNA	0	0	5000	0	0	88	0	0	5000	0	0
ENSG00000266175	AL080243.1	miRNA	0	0	5000	0	0	70	0	0	5000	0	0
ENSG00000266320	MIR3909	miRNA	0	0	5000	0	0	119	0	0	5000	0	0
ENSG00000266345	Metazoa_SRP	misc_RNA	0	0	5000	0	0	258	0	0	5000	0	0
ENSG00000266366	Metazoa_SRP	misc_RNA	0	0	5000	0	0	266	0	0	5000	0	0
ENSG00000266503	Metazoa_SRP	misc_RNA	0	0	5000	0	0	290	0	0	5000	0	0
ENSG00000266508	MIR3201	miRNA	0	0	5000	0	0	52	0	0	5000	0	0
ENSG00000266533	MIR3619	miRNA	0	0	5000	0	0	83	0	0	5000	0	0
ENSG00000266567	MIR3618	miRNA	0	0	5000	0	0	88	0	0	5000	0	0
ENSG00000266594	MIR4766	miRNA	0	0	5000	0	0	76	0	0	5000	0	0
ENSG00000266837	Z97055.1	miRNA	0	0	5000	0	0	86	0	0	5000	0	0
ENSG00000266887	MIR4535	miRNA	0	0	5000	0	0	59	0	0	5000	0	0
ENSG00000267338	KB-7G2.9	lincRNA	0	0	5000	0	0	945	0	0	5000	0	0
ENSG00000267954	AP000349.1	protein_coding	0	0	5000	0	0	1679	0	0	5000	0	0
ENSG00000268292	AC006547.15	antisense	0	0	5000	0	0	1154	0	0	5000	0	0
ENSG00000268427	AL022328.1	protein_coding	0	0	5000	0	0	248	0	0	5000	0	0
ENSG00000268538	KIAA1658	protein_coding	0	0	5000	0	0	258	0	0	5000	0	0
ENSG00000268812	MGC20647	protein_coding	0	0	5000	0	0	924	0	0	5000	0	0
ENSG00000268818	AL049747.1	protein_coding	0	0	5000	0	0	8142	0	0	5000	0	0
ENSG00000269103	AC002472.1	protein_coding	0	0	5000	0	0	2707	0	0	5000	0	0
ENSG00000269104	AL035681.1	protein_coding	0	0	5000	0	0	299	0	0	5000	0	0
ENSG00000269171	AL022315.1	protein_coding	0	0	5000	0	0	6428	0	0	5000	0	0
ENSG00000269220	LINC00528	protein_coding	0	0	5000	0	0	2160	0	0	5000	0	0
ENSG00000269774	AC005399.1	pseudogene	0	0	5000	0	0	602	0	0	5000	0	0
